2 -0.0877478 -0.0123414
23 -0.00301057 0.124643
31 -0.124565 0.0542456
53 -0.486627 1.59539
55 0.319895 -0.191216
72 0.0308603 -0.0409724
88 0.016974 -0.0783663
95 0.0828046 0.607831
110 -0.189198 -0.116387
130 0.0255955 0.118766
143 0.0930957 -0.0795654
147 0.0308655 0.0266343
158 0.0759669 0.0169819
192 -0.129252 -0.123195
201 0.192923 -0.612784
216 -0.0476639 -0.193135
221 0.0469084 0.160101
239 0.00481597 -0.0780487
252 0.574499 0.554843
279 0.0331111 -0.684488
282 0.0491373 -0.11923
294 0.0932607 0.0833188
316 0.0811603 -0.0503523
325 0.243676 0.193905
330 0.227507 -0.191811
336 0.101833 -0.0908799
377 0.250344 -0.174531
385 0.0856376 0.218446
387 -0.105952 -0.00979819
391 -0.158517 -0.122102
397 0.00601674 -0.12367
401 -0.169667 -0.0782891
406 0.0671739 0.0177869
419 0.10542 0.239594
433 0.154069 0.145316
462 -0.153488 -0.0735626
465 0.133986 0.167627
490 -0.0240378 -0.162002
519 0.114586 -0.0541385
537 -0.0912799 -0.0360682
552 0.209153 0.0354522
554 0.504901 0.790857
585 0.103865 0.0251424
586 0.0413697 -0.159395
592 -0.163957 -0.0886727
612 0.223893 0.154891
624 0.0444862 -0.0131829
634 -0.0602121 0.0661854
644 0.0543972 0.0745794
653 0.0308827 0.0630527
686 0.0324655 0.0658667
688 0.0799997 0.254123
713 -0.00671462 0.137485
718 0.399427 -0.777283
722 -0.3007 -0.246303
728 -0.287586 -0.480184
735 -0.0108374 0.0201309
759 0.0406144 0.0682873
760 -0.127027 -0.0397524
767 0.0499027 0.108862
769 -0.102581 -0.136338
801 -0.166702 -0.154479
815 -0.020956 -0.0858654
818 -0.0916207 -0.0921804
824 0.585688 1.21241
849 0.0521847 0.0181132
863 0.0778503 -0.0576238
882 -0.0989807 -0.0869734
909 0.0164442 0.0759764
915 0.149974 0.0701917
928 -0.497524 -0.916648
964 -0.344456 -0.795048
976 -0.136181 -0.0822673
983 0.464342 0.280079
996 -0.0581627 -0.13625
1016 -0.046965 0.0594153
1043 -0.0751589 -0.157811
1044 -0.0698623 0.404311
1046 -0.499995 0.955743
1069 0.0276553 0.0690761
1110 0.0499798 -0.00501297
1116 -0.13932 -0.145331
1118 0.107129 0.0869219
1128 -0.0933851 -0.0968114
1132 -0.0189503 -0.088234
1150 -0.0140671 0.0497722
1152 0.0415066 0.192875
1153 -0.158249 -0.269451
1170 0.190792 -0.203803
1175 0.0590738 0.0899103
1177 0.0433208 0.0203036
1180 0.0426456 0.0117988
1182 -0.076675 0.138553
1194 0.347825 0.329064
1198 0.229246 0.286759
1203 0.0179093 0.311008
1216 0.0811394 -0.10148
1222 0.0381316 -0.181267
1230 0.278173 0.371419
1263 0.105724 0.0995575
1271 0.310707 0.135377
1273 -0.880762 -0.887765
1282 0.00845887 0.022054
1286 0.297129 0.110651
1329 -0.0888978 0.0324299
1335 0.578929 -0.598785
1341 0.137832 0.178541
1342 0.0510108 -0.00108358
1351 0.0732309 0.103572
1364 0.207969 -0.322222
1388 -0.251405 -0.455824
1406 -0.0705056 -0.151734
1413 0.170064 -0.0387255
1414 0.0514282 -0.0106668
1421 -0.338403 0.543524
1434 -0.0904842 -0.0716589
1442 0.233446 0.221578
1444 0.048375 0.0654711
1448 0.065977 0.0480253
1466 -0.042688 0.401002
1479 -0.0411162 -0.426623
1480 -0.124693 -0.099071
1488 0.0227844 -0.214937
1514 0.019074 0.162126
1540 0.205638 -0.174281
1564 0.0274945 0.0897852
1575 -0.0524372 -0.0966756
1578 0.0169576 0.100837
1592 1.15436 2.13484
1607 0.0668257 0.0963811
1612 -0.0137184 0.142855
1639 -0.0476041 0.146668
1657 0.131737 0.022371
1668 0.104259 0.0298653
1675 0.229406 -0.0419722
1676 0.0478807 -0.030528
1693 1.06484 1.15621
1698 0.08704 -0.119628
1705 -0.0930956 -0.11043
1731 0.239145 -0.00966101
1752 0.259614 0.0965648
1781 0.0663772 0.241916
1784 0.322252 0.0507225
1798 -0.542229 -0.286661
1812 0.00684184 0.368773
1824 -0.0337241 0.192079
1830 0.0141606 0.0733553
1847 -0.308431 -0.129151
1876 0.0678431 0.162045
1879 0.0419432 0.0231443
1891 0.249864 0.541248
1900 0.0215798 0.0157483
1913 -0.129352 0.243746
1945 0.275863 -0.491402
1955 0.569289 0.630871
1968 -0.124478 0.330849
1999 0.330299 0.524628
2025 -0.23 -0.143284
2028 -0.103768 -0.25306
2068 -0.016985 0.135303
2090 -0.120836 -0.479226
2109 -0.443313 0.711251
2127 0.0401873 0.0364337
2151 -2.49851 3.77724
2154 0.221154 0.594758
2159 -0.142514 -0.274982
2186 -0.183223 0.583524
2203 -0.00904663 0.0732494
2208 0.61263 0.735142
2210 -0.0525749 0.184291
2252 0.0113223 0.103941
2270 0.0864667 0.1495
2278 -0.183955 -0.298878
2279 0.00988147 0.22499
2284 5.10611 11.1002
2285 -0.524809 -0.361327
2302 0.751246 0.856443
2305 -0.126929 -0.0193092
2319 0.0234952 0.0467807
2328 0.0438889 0.0409325
2339 -0.0344295 -0.16522
2342 -2.26756 -4.37878
2348 -0.0252813 -0.0772085
2350 -0.484208 -0.403081
2351 0.113771 0.247148
2357 0.159539 -0.0636251
2380 0.0539791 0.153296
2389 -0.0482527 0.133598
2393 0.0672171 0.0263763
2418 0.216182 -0.00894646
2419 0.00274209 0.124889
2426 2.29828 5.22434
2456 0.130014 0.212744
2459 0.025683 0.129216
2513 0.111062 0.208745
2517 0.158146 -0.0623445
2525 0.115434 0.43742
2534 0.14416 -0.195799
2562 -0.182057 0.0410816
2583 0.149302 0.159712
2609 0.0700166 0.057807
2618 0.111875 0.109496
2620 -0.146595 -0.14871
2621 0.706518 0.827988
2638 -0.0718897 0.113357
2663 0.0849612 0.138911
2733 -0.120869 -0.0509065
2758 0.238886 0.152739
2779 0.0343687 0.0224615
2781 0.233983 0.311661
2787 -0.196872 -0.00877386
2790 0.672647 0.958058
2792 -0.261827 1.25177
2796 -17.319 -22.5197
2814 0.0601269 -0.0165862
2823 0.0279633 0.0953647
2825 -0.198809 -0.0765214
2834 -0.0652901 -0.0705538
2857 0.0283113 0.0751435
2870 -1.31244 -1.843
2874 0.311987 0.619188
2891 0.0229931 0.040399
2894 -0.0766832 -0.11804
2900 0.157949 0.186689
2940 0.0890324 -0.0989067
2943 0.172122 0.329784
2950 0.14601 0.368514
2996 0.0152161 0.0500814
3004 0.348825 0.318977
3063 0.0490338 -0.018696
3089 0.0783564 -0.124627
3119 0.184439 0.0104621
3143 0.877512 -0.968664
3149 0.0128537 0.0307429
3154 0.0183944 0.111832
3198 0.10835 0.0486604
3215 0.129332 -0.200315
3244 0.256549 0.332077
3257 0.0238471 0.0361313
3270 0.0689498 0.165459
3273 0.0471405 0.176524
3282 -0.0168665 0.302213
3295 0.0343642 0.000671078
3297 0.407752 0.342335
3300 -0.018885 0.00982082
3333 0.0200748 0.320747
3336 0.170133 0.151253
3344 0.14185 0.220318
3352 0.25368 -0.047053
3356 -0.111106 0.54738
3372 0.0351449 -0.0182633
3374 0.0252554 0.135771
3395 -0.00964302 0.0357983
3396 -0.151957 -0.0814639
3401 0.00896122 0.150262
3423 0.0341109 0.408595
3433 -0.281807 -0.353075
3438 0.0210393 0.0839317
3449 -0.125007 0.0752879
3467 0.0753075 -0.0377451
3484 0.0485005 0.0844788
3486 0.160863 0.244491
3529 0.231701 -0.141263
3537 0.369198 0.131756
3557 1.08868 2.549
3565 -0.00535525 0.176498
3592 0.0367253 -0.0382542
3615 -0.0388841 0.0354162
3626 0.0852532 0.0157264
3631 0.0353807 -0.153546
3641 0.0882095 0.220139
3650 0.0907851 0.10268
3654 0.0251965 0.0352742
3664 0.0118848 0.0232595
3685 0.0486301 0.0574019
3688 0.0587418 -0.0279602
3691 0.0377688 -0.0519937
3712 -0.0580289 -0.24439
3731 0.226424 0.502175
3749 -0.0933078 -0.322345
3758 0.0472935 -0.0120445
3759 0.29472 0.0713368
3783 -0.0133635 0.269782
3808 -0.0741268 -0.00793155
3818 0.0458868 0.0883947
3838 0.0163206 0.0332128
3872 -0.0359992 0.0376054
3922 -0.510991 -0.517393
3941 0.219425 0.323851
3975 0.053757 0.106151
3978 0.0414547 0.0326939
4014 0.0369238 0.00850129
4016 0.0455624 -0.103193
4017 -0.26729 0.588726
4034 0.00451633 -0.0320274
4060 -0.105052 0.340693
4065 0.0228871 0.228663
4149 0.0881065 -0.293762
4159 0.773527 -0.330054
4162 0.185034 0.187282
4173 0.0214847 0.0193618
4213 0.0236758 0.106312
4217 0.0407651 0.088612
4224 0.191681 0.276976
4234 -0.0971518 0.272264
4239 0.0462006 -0.270028
4251 0.180822 0.399627
4259 0.112393 0.12254
4265 -0.371959 0.433844
4282 -0.144235 0.197375
4292 0.124209 0.195446
4294 0.0551365 0.051199
4336 0.0194479 0.0272749
4337 0.0197675 0.0631411
4341 -0.137419 0.0763321
4343 -0.27983 1.36541
4348 0.157436 0.0867165
4350 0.11791 0.204737
4354 0.12436 -0.291
4357 0.0737696 0.23324
4373 0.126095 0.0637213
4386 0.171179 -0.867647
4414 -0.115213 0.634316
4417 -0.253778 -0.271168
4438 0.0673639 0.0748233
4444 -1.27734 2.01829
4447 0.00538979 0.343166
4454 -0.0470392 0.140312
4456 0.0466395 0.302439
4469 -0.0651728 0.0120827
4479 0.165055 0.370966
4498 0.0971083 0.112494
4502 -0.014625 0.158344
4510 0.201148 0.237835
4511 -0.269304 0.333732
4521 0.0286242 0.472388
4523 0.11677 0.158253
4548 0.00838257 -0.0983423
4550 0.0280345 0.0361062
4569 1.1921 -1.41136
4572 0.0395753 -0.00397915
4583 -0.0304555 0.0999717
4593 -0.0939537 0.0949038
4596 0.0429228 -0.118114
4608 -0.109762 -0.127895
4620 -0.0576526 0.23879
4642 0.0198998 0.0324109
4645 0.0641923 0.139675
4646 0.0177084 0.0768408
4647 -0.0851356 -0.0844711
4649 0.00260855 0.183678
4651 0.0451606 0.0941611
4665 0.0478731 0.0480328
4672 0.0512678 -0.0132359
4674 0.0043706 0.0772393
4686 -0.0975689 0.324764
4687 0.0395731 0.0145976
4692 0.0904303 0.0789207
4697 -0.118288 -0.339278
4708 0.0546929 0.071198
4719 0.00762707 0.132324
4720 0.127301 -0.154101
4723 -0.148745 -0.261818
4727 -0.0103787 -0.118909
4734 -0.0390206 -0.176891
4784 0.102587 0.4339
4822 0.172458 0.13909
4856 -0.0187195 0.0648139
4890 0.178264 0.316882
4891 -0.000549127 0.148568
4907 0.0262772 0.440689
4913 0.248159 0.182516
4916 0.0562115 0.0248552
4917 0.0147761 0.090947
4929 -0.0450425 -0.0329155
4933 -0.253759 -0.486331
4937 -0.0386543 -0.543326
4953 0.120601 -0.0966139
4954 0.100869 -0.0130948
4958 0.112168 0.263528
4961 -4.42229 -7.00717
4962 0.0488763 -0.0986133
4987 0.0944348 0.239476
5017 -1.99576 4.221
5029 -0.0326428 -0.233898
5031 0.082334 0.0933504
5044 0.143113 0.147946
5052 0.107501 -0.0375189
5054 -0.00176427 0.0317641
5067 0.951939 1.31303
5068 0.0463431 -0.000549451
5070 -0.0625669 0.0878014
5074 0.0460956 0.0568821
5097 -0.0642223 -0.063226
5152 -0.705911 -0.983046
5205 0.0127659 0.070116
5214 -0.343647 0.563213
5220 -0.135801 -0.140816
5221 0.153445 0.276298
5247 0.0492456 -0.025413
5248 0.164743 -0.378948
5254 -0.163171 -0.117039
5259 -0.0112399 0.0684533
5261 0.113698 -0.00238109
5277 0.0298213 0.0662314
5293 0.556521 -0.88475
5303 -0.129654 -0.0883496
5329 0.304678 0.483333
5363 0.153655 0.0448597
5367 0.0635537 0.0992121
5369 0.012466 -0.0328071
5378 -0.0876442 -0.282576
5387 -0.106964 -0.0637995
5393 -0.0354309 0.327749
5416 0.0388414 0.311301
5418 0.0308655 0.0653549
5439 0.00865538 -0.0333292
5465 0.0451235 0.0981228
5469 -0.148914 -0.471565
5475 -0.0393847 0.0960165
5495 -1.05703 -1.08327
5515 -0.200897 0.151381
5519 -0.11631 0.181907
5538 0.234582 0.0550017
5549 -0.0847141 -0.222067
5558 0.0722864 0.109036
5571 0.0213387 -0.117552
5575 -0.00873285 -0.350789
5576 -0.136763 1.11535
5584 0.064269 0.014529
5588 0.0771469 0.0088395
5594 0.037785 0.0402917
5613 0.0873924 0.283644
5615 0.024148 0.00972211
5624 0.0237269 0.00660333
5649 0.150803 0.0967898
5656 -0.0549406 -0.159796
5659 0.0706949 0.172486
5664 0.116681 0.113121
5665 0.14092 0.115964
5668 0.021825 0.0394002
5705 1.53579 1.85339
5717 0.172751 0.219956
5724 -0.176745 -0.227402
5726 -0.120847 -0.185874
5731 0.0400186 0.394378
5740 -0.0304108 -0.398648
5745 0.0934886 -0.0974278
5746 -0.043137 -0.292727
5750 0.0458629 0.0737609
5752 0.0185728 0.0456504
5772 0.0222908 -0.243974
5804 0.0335986 -0.17192
5814 -0.106535 0.0926809
5833 0.251992 -0.0489016
5845 -0.102587 -0.0868517
5847 -0.0499416 -0.0995719
5869 0.0246923 0.132058
5883 0.0215107 0.0818259
5901 -0.000531414 0.17204
5924 -6.40787 -9.77985
5938 -0.0983731 0.244856
5941 0.0424345 -0.236952
5951 0.00806909 -0.0237414
5973 0.0616723 0.0152209
5976 0.0212291 0.0224818
6024 0.136308 0.382674
6035 0.148202 -0.265246
6040 0.0948841 0.186027
6043 0.0822853 0.147674
6054 0.0103801 0.0413957
6083 0.124078 -0.797013
6089 -0.10053 1.41699
6093 -0.303205 -0.633713
6094 -0.0714702 -0.15422
6127 0.0809235 0.0118517
6129 0.221038 0.528758
6140 0.0219057 -0.00208025
6156 -0.0409245 0.11842
6177 0.269167 1.33326
6187 -0.127226 -1.84938
6194 -0.11991 0.056186
6198 0.0105275 0.076331
6215 -0.0842366 -0.124308
6236 -0.292927 -0.554931
6243 0.0213136 0.165597
6250 0.051047 0.00861011
6262 0.0157971 0.027919
6301 0.104697 0.432355
6308 0.00819515 0.00169495
6309 -0.0409955 -0.189048
6310 -0.130885 -0.178848
6317 0.0843941 -0.016517
6321 0.0544645 -0.00166795
6322 -0.0533402 0.0930901
6332 0.121069 1.29091
6334 -0.218761 -0.234085
6337 0.188694 -0.0612317
6342 -0.0131175 0.367297
6354 0.29407 0.0507115
6357 -0.556467 -0.566713
6367 0.199029 -0.100503
6386 0.0811898 -0.0246593
6393 -0.0429877 -0.278368
6412 -0.0798563 0.0571905
6439 0.0871759 0.447277
6448 0.118281 -0.0834536
6463 0.279965 0.080914
6467 -0.351418 -0.507266
6487 0.77541 1.05124
6501 -0.062894 -0.0876305
6515 0.18824 0.0684831
6537 0.10253 -0.207537
6538 9.90893 11.887
6547 0.119995 0.024655
6598 0.110068 0.65741
6601 -0.219823 -0.22058
6617 -0.115507 0.370607
6628 0.10078 0.233288
6631 1.29348 2.03335
6654 -0.0153604 0.162076
6655 0.742953 0.426264
6657 0.0684919 0.0386995
6663 0.0112098 -0.0633517
6679 0.00306908 0.189202
6728 -0.0127198 0.102353
6729 -0.283689 -0.210895
6736 0.183177 0.192658
6765 0.108929 0.32076
6778 0.181166 0.0384822
6780 0.0395554 0.238251
6815 -0.104475 -0.138408
6845 0.358387 0.167363
6865 0.0574637 -0.0888797
6875 0.0381008 0.63696
6889 0.0347938 0.105929
6892 0.0128842 0.0854155
6894 0.128473 0.300577
6906 -0.0135675 0.0897096
6920 0.0910168 0.179792
6931 0.0316834 0.0819341
6947 -0.00772171 -0.0777283
6956 -0.0453583 0.084387
6962 -0.0697 -0.270249
6996 -0.0196003 -0.400335
6999 -0.00126498 0.0341607
7071 -0.0418494 0.0691459
7076 -0.523396 1.56566
7078 0.00955373 0.105602
7155 0.433489 0.618365
7158 0.0376029 0.156513
7165 0.256515 -0.232713
7167 0.0730511 0.21963
7177 0.0654087 -0.337148
7191 0.0958221 0.0902601
7196 0.0197555 0.00735173
7230 0.0294172 0.186279
7231 0.0651442 0.0919887
7240 -0.179502 -0.189944
7262 0.0300146 -0.0782891
7270 0.049315 0.0272362
7336 0.155091 -0.0929317
7366 -0.203878 0.473923
7385 -0.131787 0.246053
7394 0.0450359 0.0322029
7403 -0.0876407 0.0111356
7417 0.0765301 0.269399
7457 0.0259383 0.064072
7459 0.00741939 0.00470424
7461 0.0814431 0.214333
7467 -0.0209943 -0.0714869
7499 0.216789 0.126177
7503 -0.155401 -0.0357092
7516 -0.275193 0.1865
7527 -0.17022 -0.173099
7537 0.0934667 0.0353181
7540 0.0356398 -0.0531521
7545 0.0280781 -1.54325
7550 0.0517211 0.103077
7560 0.0950352 0.211112
7563 -13.8592 -15.9027
7564 0.0534273 0.0097931
7573 -0.0356141 0.049946
7590 -0.12025 -0.0228004
7600 -0.553098 0.559588
7604 0.0411794 0.0713974
7605 0.0399929 0.00134593
7610 0.0375162 -0.0783821
7621 0.0304468 0.0954224
7643 -0.138904 -0.0504121
7647 0.279101 0.387707
7652 0.00828845 0.12628
7655 -0.255335 0.369838
7662 0.022777 0.164292
7664 -0.0378883 0.138991
7733 0.0371712 0.231576
7744 0.0169989 0.0434661
7751 0.184181 -0.314265
7754 -4.26709 -4.49194
7764 0.389832 -1.31881
7768 0.400333 -0.310881
7770 -0.0856 -0.273907
7774 -0.0837481 0.203933
7777 0.0334957 0.00966564
7802 0.0139814 0.0511005
7810 -0.0925283 -0.169231
7818 0.469564 0.448496
7824 -0.0114867 0.220888
7830 0.0655646 0.0166586
7832 0.0323591 0.0027082
7849 -0.0160112 0.0684822
7873 -0.150983 -0.104708
7890 0.0159899 0.0152219
7923 0.0305357 0.324673
7933 0.070359 0.0260246
7935 0.0603561 -0.057706
7966 0.0890585 0.0258608
7971 -0.0692227 -0.0839263
7980 -0.127855 -0.0486766
7984 0.0885796 0.0472003
7993 0.0525032 0.0336378
8009 -0.209421 -0.161768
8013 -0.0616903 0.138106
8024 0.0564167 0.0780725
8050 -0.280848 -0.397476
8051 -0.134092 -0.0685878
8056 -0.0858099 -0.0647038
8060 0.0953965 0.328396
8067 0.0940251 0.282
8081 0.0587493 0.0688416
8101 0.10493 -0.0668039
8112 -0.00408824 -0.0801922
8156 -0.115296 0.0933317
8190 0.0364644 0.153993
8207 -0.1553 -0.373329
8214 0.0731801 0.107764
8225 0.111414 0.403646
8241 -0.185411 -0.193634
8242 0.0465294 0.14954
8245 0.233164 0.0608723
8249 0.0353868 -0.0260136
8251 -0.0606714 0.374402
8255 0.0454684 0.226822
8258 -0.0504389 1.18336
8282 0.0292961 -0.0616425
8336 0.428714 -0.520714
8342 -0.0537314 0.0582458
8344 -0.0272294 0.0728035
8348 0.233283 0.0113155
8385 -0.0693752 0.117101
8392 0.337975 0.268394
8404 0.0925117 0.130428
8405 -0.0127386 0.116007
8410 -0.130625 0.292956
8474 0.038805 0.0445786
8485 0.0350122 -0.0399401
8501 0.245484 -0.0338303
8546 -0.0244923 0.133165
8553 -0.333072 0.550798
8571 -0.169358 -0.122731
8578 -0.206939 -0.130032
8619 0.0518242 0.188899
8627 0.0400327 0.110459
8645 0.0242441 0.0464717
8660 0.111101 0.10144
8675 0.0606379 0.0126475
8677 0.010482 -0.408695
8688 0.0276291 0.110546
8699 0.203695 0.181688
8716 -0.00990068 -0.125853
8723 0.00437754 -0.106424
8736 -0.400375 0.527306
8788 -0.102369 -0.171185
8790 0.400095 0.309839
8793 0.181192 -0.121433
8799 0.128308 0.246361
8829 0.230432 0.222922
8845 0.0467228 -0.11279
8846 -0.859941 -0.628015
8862 -1.40117 1.67378
8889 0.0815841 0.121761
8908 0.0610317 -0.0513953
8910 0.0208035 0.0227651
8924 -0.0543757 -0.0408314
8931 0.247064 0.699066
8999 0.0299545 0.05931
9004 0.0516688 0.0213905
9032 0.290114 0.49385
9045 0.0917671 0.0788812
9088 0.0797341 0.101552
9113 0.0761597 0.0691329
9117 -1.49278 -1.66752
9131 -1.15036 1.30255
9134 -0.0709539 -0.0134903
9148 0.00370954 0.14114
9166 -0.104643 -0.146003
9173 0.0861231 -0.0918824
9211 0.0542889 0.0670297
9212 1.07625 -1.5076
9213 -0.24166 0.0125263
9215 0.0644803 0.130576
9258 0.143982 -0.102837
9264 -0.0703954 -0.106686
9285 0.0709918 -0.0846641
9298 0.160613 -0.0400152
9358 0.0713525 0.134765
9362 -0.080003 -0.0844549
9365 -0.00217389 -0.135319
9368 0.128598 0.0130064
9371 0.113801 0.00994132
9374 0.0531329 -0.0166862
9381 0.621192 0.648832
9395 0.913133 2.30834
9414 0.263704 0.304737
9420 0.0953498 -0.0602022
9424 -0.0262787 0.0756921
9425 -0.0831764 -0.135269
9436 -0.327982 0.158156
9443 0.0199665 -0.0948665
9448 2.08257 2.84124
9457 -1.03876 1.64164
9479 0.191492 -0.513829
9517 0.435531 0.624036
9524 -0.133392 0.0821437
9534 0.105545 0.0567967
9538 0.759567 1.04487
9558 0.132765 -0.33717
9567 -0.450757 -0.704836
9603 0.07702 -0.0747387
9605 -0.0896841 0.0859665
9621 -2.58167 5.66118
9627 -0.011812 -0.211791
9634 -0.0954211 -0.00178963
9635 0.17244 0.245985
9661 0.176544 -0.230642
9685 0.530292 -0.198648
9720 -0.349039 -0.864544
9757 -0.0895228 0.140594
9759 -0.0853433 0.0237346
9765 -0.0573903 0.258217
9799 0.228373 0.462899
9808 0.129526 0.0935122
9814 0.0440787 -0.0880682
9817 -0.00805025 0.103798
9844 -0.173215 -0.379718
9859 0.064093 0.0504712
9888 0.138461 -0.111635
9893 0.144895 0.119415
9915 0.0113079 0.0355811
9927 -0.174428 -0.232429
9928 0.108799 0.142627
9952 0.0792757 0.402154
9962 -0.00629133 0.122686
9972 0.10171 0.22666
9976 0.0346522 0.0569338
10007 -1.26737 3.32137
10027 0.0111385 0.133057
10048 0.245318 -0.00340448
10063 -0.130946 0.13491
10064 0.134551 0.0548231
10067 0.0664576 0.123209
10075 -0.122763 -0.137242
10096 0.142114 0.135195
10105 0.0352083 0.148505
10110 -0.193513 -0.156801
10116 0.0519575 -0.0674142
10119 0.0251859 0.234512
10122 0.129678 0.133715
10157 0.195991 0.514461
10179 0.0373567 0.0388056
10182 0.194576 0.229277
10199 -0.438505 2.03342
10223 -0.129491 0.290907
10230 -0.0886581 -0.0531229
10231 0.0345283 0.589066
10263 -0.727172 1.39051
10269 -0.263308 0.203879
10277 -0.0336836 0.08971
10279 -0.000309128 0.0354766
10320 0.29165 0.696005
10321 0.00126767 0.0625825
10358 -0.00426399 0.12389
10361 0.00683679 0.011159
10366 2.01516 5.76513
10369 -0.276848 -0.322038
10371 0.0387763 0.0833882
10374 0.0885092 0.092109
10388 0.0958925 0.0509331
10389 -0.350788 -0.219602
10397 0.0942407 0.00819986
10402 0.196668 1.41405
10427 -0.0822737 0.146291
10430 0.0853998 0.162981
10471 0.126272 0.171793
10493 -0.155043 -0.118318
10505 0.0718875 -0.0253821
10517 -0.272255 0.736048
10533 0.0424983 0.0418792
10535 0.0927243 -0.0439462
10545 -0.0289125 0.0324537
10559 0.0291782 0.165435
10568 0.0601892 0.166766
10580 0.00820863 0.0437521
10593 0.3381 0.313879
10608 0.0990765 0.0358295
10627 0.210988 0.277157
10649 -0.022419 0.17597
10663 0.00366024 0.0316843
10682 0.173241 -0.753481
10712 -0.404545 -0.490664
10713 -0.0794941 0.0772216
10759 0.0798013 0.167529
10775 -0.0160255 0.115646
10796 -0.0976256 0.395093
10824 0.0317393 0.105398
10834 0.067694 0.016449
10836 0.56164 0.806641
10844 -0.58597 1.76587
10903 0.20231 0.222018
10912 -0.0459118 0.0660146
10945 0.0337762 -0.0161761
10947 -0.0463044 -0.0728976
10972 0.169511 0.176765
10977 0.0130652 -0.0542524
11001 -0.0836589 -0.136301
11045 0.0156869 0.0760445
11095 -0.055759 -0.158795
11116 0.00623375 -0.10343
11129 0.259134 0.276263
11133 0.0418857 0.095239
11183 0.0213596 0.0364338
11186 -0.0597391 0.0952448
11202 -0.166256 0.0396193
11209 0.00498658 -0.0186026
11224 0.000315531 0.029936
11225 -0.387387 -0.962546
11226 -0.270278 -0.212697
11229 0.19254 0.16957
11245 0.0495699 0.0582161
11266 0.0690393 0.146653
11271 0.0364177 0.0121871
11414 0.154191 0.157931
11416 -0.0832006 0.0117225
11422 0.402727 0.322638
11426 0.0188543 -0.331955
11430 0.00513527 0.00652889
11448 0.0138641 0.137543
11531 0.256647 0.0678248
11555 0.102622 0.36183
11562 -0.152229 0.128828
11567 -0.052677 -0.173764
11573 0.458328 0.274159
11594 -0.649237 -0.573716
11611 0.00953819 0.0334201
11614 0.541511 0.924096
11615 0.270177 0.0280354
11616 -0.443896 -0.542307
11650 0.466511 0.882869
11668 -0.0986615 -0.151835
11672 -0.238807 -0.0934959
11682 0.101758 -0.068932
11698 0.0811145 0.0365528
11720 0.099703 0.0109407
11726 0.0351339 -5.1663e-05
11747 0.330382 0.337326
11751 0.135391 0.392177
11759 0.0636476 0.0505546
11760 0.0541415 -0.00717419
11761 0.234225 -0.446548
11763 0.076836 0.273484
11768 0.0942638 0.107294
11780 0.0692913 -0.0755244
11822 -0.0590252 -0.118036
11837 0.13168 0.193259
11849 0.0619567 -0.0126177
11856 0.0199666 -0.0115078
11887 0.0278522 0.0901517
11895 0.141745 -0.226048
11897 0.259551 0.430008
11899 0.00228392 -0.0801224
11915 -0.0865775 0.0903542
11929 -0.172505 -0.18727
11930 0.042489 0.0883724
11941 0.11005 0.0714193
11949 0.204658 -0.0664803
11970 0.0894236 -0.20589
11972 -0.10197 0.18873
11988 0.162355 0.480717
11989 -0.0502006 0.0494059
11997 0.0236484 0.0184023
12038 0.01679 0.024786
12041 -0.0878353 -0.144793
12046 -0.0399209 -0.200259
12055 0.19856 0.35572
12064 -0.0376524 -0.187635
12091 0.0294793 0.057621
12095 0.0347489 0.0437307
12102 0.0631634 -0.154556
12103 -0.0736614 0.203044
12110 -0.181996 0.869722
12111 0.00129347 0.0599546
12132 0.177268 0.125727
12161 0.22019 0.237709
12211 0.114722 -0.0705731
12216 0.150266 0.040504
12227 -0.116962 -0.0838056
12241 0.0377899 -0.0732159
12244 0.0564128 -0.0180494
12260 0.0531582 -0.0847442
12263 0.303663 0.528057
12289 0.767835 2.16034
12299 0.0437441 0.0702622
12300 -0.133238 0.130756
12302 0.0577706 0.0976561
12307 0.0111136 -0.0772874
12309 0.0339084 0.0286491
12317 0.00748235 0.071803
12332 -0.102501 -0.418907
12334 0.0556012 0.151651
12347 0.0811051 0.0939782
12353 0.0243926 0.125077
12362 0.15719 -0.0400576
12365 0.0737619 0.260493
12368 0.0408167 -0.0443822
12385 -0.111011 0.0909337
12390 -0.400236 -0.311655
12397 0.174467 0.309294
12403 0.0513524 -0.0392299
12419 0.104842 -0.0217307
12424 0.00583656 0.338782
12427 0.0665308 0.106257
12487 0.0887846 0.178184
12493 0.812351 0.67423
12505 0.0551771 0.122784
12514 0.0477401 0.0227882
12526 0.246121 0.101343
12535 -0.0215776 0.0671663
12538 -0.0148726 0.090726
12545 0.138372 -0.119245
12551 0.516379 0.540984
12556 0.108562 -0.00441285
12583 0.0426662 0.0105484
12584 0.159821 0.0234741
12591 0.0525473 0.331312
12598 0.118058 0.144253
12643 -0.380844 -0.152017
12657 0.0557838 -0.0139655
12663 0.086557 0.116506
12682 -0.254235 -0.362603
12698 0.146488 -0.270029
12721 -0.00182544 -0.141125
12728 0.0680394 0.364141
12732 -0.999741 -1.96419
12740 -0.0551425 0.20434
12750 0.00537633 0.132144
12760 0.143748 0.0912561
12762 0.348492 0.510387
12765 -0.119691 -0.32384
12780 0.0267506 -0.0333032
12789 -0.101201 -0.318924
12798 0.160298 -0.188883
12831 0.0561803 0.0264174
12879 0.110454 0.00159366
12893 0.108239 0.0222092
12895 0.00517397 0.119673
12901 -0.212968 -0.496515
12904 -0.754832 0.868417
12917 0.203238 0.505288
12930 0.00118666 -0.195724
12933 0.0981248 0.0909737
12953 0.0202574 -0.0272983
12954 -0.0972388 0.215981
12957 0.382474 0.59737
12961 -0.387672 -0.349627
12969 -0.0960969 0.0179074
12972 0.343108 0.431802
12977 0.090141 0.00958247
12999 -0.0950081 0.170116
13017 0.124248 -0.0124
13026 0.0390725 0.0618905
13035 -0.0550612 -0.0989622
13074 0.209187 0.266304
13075 -0.0485763 0.132721
13083 0.074054 0.121738
13092 -0.10041 -0.0925453
13106 -0.00393084 0.23311
13109 0.017528 0.0905843
13122 -0.209502 0.681246
13130 -0.143961 -0.107259
13136 -0.0854942 -0.0637817
13142 0.0714707 0.00616689
13161 0.0857972 0.209301
13168 -0.138536 0.838006
13198 -0.0642914 -0.0119131
13201 0.0706271 0.0366457
13226 0.0218889 0.0586047
13243 0.0252099 0.138918
13249 0.23555 0.169318
13263 -0.0921161 0.295735
13280 -0.0573054 0.149057
13281 -0.118215 0.088482
13283 0.0287381 0.0412731
13285 -0.0625891 -0.0323735
13287 0.127523 0.0453777
13316 -0.0171013 -0.0506626
13327 0.13724 -0.00939767
13335 0.0615791 0.0645091
13339 0.36219 -2.27111
13343 0.0286074 0.0108745
13370 0.184059 0.537743
13376 -0.0393382 0.235718
13383 0.215534 0.063596
13384 0.281317 -0.791573
13398 0.0646474 0.0136322
13403 -0.160204 -0.0590893
13412 0.134894 0.04521
13437 0.0483246 0.13204
13441 -0.430928 -0.411506
13449 0.308575 0.43986
13460 0.101729 0.125415
13462 -0.170374 -0.220198
13479 0.0712223 -0.0382461
13514 -0.143955 0.0661298
13529 0.119599 0.217867
13538 0.164783 0.0646905
13539 0.114307 -0.164746
13544 -0.0810379 0.334024
13556 -0.457079 0.0756831
13561 0.155128 -0.0101491
13574 2.19925 -3.2602
13592 0.152458 -0.139788
13605 -0.390707 -0.411404
13610 -0.121332 0.279629
13616 0.00568149 -0.112716
13622 -0.108076 -0.347937
13631 0.324227 -0.131408
13649 -0.000226279 -0.13871
13655 0.136095 -0.0728245
13666 0.870952 1.1918
13710 0.0557376 0.103769
13724 0.273887 -0.19906
13739 0.0779702 0.0527983
13757 1.10135 1.22781
13776 -0.0833078 -0.493545
13782 1.24783 1.14394
13786 -0.0110047 0.105162
13804 0.064842 -0.00363625
13861 -0.0767186 0.0397769
13868 0.0326355 -0.163892
13925 0.0932784 -0.116773
13974 0.072398 0.203764
14001 0.104142 0.07372
14002 0.0550738 0.120384
14044 0.0651476 0.182379
14050 0.89291 1.31061
14058 0.0590616 -0.0405185
14068 0.205606 0.0582092
14083 0.0198815 0.0134342
14088 -0.0758703 0.188373
14120 0.239082 0.248614
14123 0.515669 0.65521
14125 0.0446657 0.0192516
14128 0.101407 0.0915511
14129 0.119757 0.119778
14172 -0.0806567 0.0102452
14182 -0.324695 -0.217956
14191 -0.103493 -0.119395
14197 -0.0566168 0.117418
14199 -0.16404 -0.261749
14215 0.0294211 0.035884
14218 -17.3275 -33.9193
14226 0.0172438 0.0685787
14237 -0.0577922 -0.130602
14282 -0.694516 1.56481
14327 0.281203 0.979725
14346 0.0703544 0.080151
14381 0.117106 0.105483
14387 0.059689 0.0645837
14402 -0.453388 -0.469223
14412 0.170519 0.115303
14420 0.482388 0.952171
14431 -1.13653 1.85044
14458 -0.0755098 -0.116683
14462 -0.708136 -1.02419
14509 0.0170107 0.0431795
14512 0.0281304 -0.235472
14514 0.0498104 0.0351127
14528 -0.0417786 0.0845417
14532 -0.451338 0.49877
14550 -0.477335 0.481386
14556 -0.0998838 0.486022
14580 -0.281627 -0.377942
14604 0.140428 0.12839
14607 0.0692349 0.381297
14618 -0.0918413 -0.0807023
14668 0.218542 -0.082017
14696 0.0220157 -0.169873
14716 -0.106183 0.305716
14719 0.532273 0.618299
14748 -0.0216636 0.0146399
14769 0.0400196 0.100581
14770 0.0637088 -0.19284
14774 -0.0312671 0.0685426
14783 -0.0977307 -0.0385761
14787 0.241243 -0.372684
14794 -0.182099 -0.118637
14797 0.179261 0.149785
14867 0.126776 -0.177199
14870 0.0121684 0.125981
14878 -0.456793 -0.965516
14896 -0.0496193 0.0641338
14903 -0.123822 0.801731
14925 -0.241216 0.307726
14929 0.304496 -0.0174505
14945 0.0657139 0.0690477
14958 0.157792 0.272243
14971 0.0535507 0.391804
14974 0.0978928 0.0517882
14976 0.0174457 0.149507
14992 0.0196187 -0.0910397
14995 0.151059 0.100514
15012 -0.0244187 0.0801568
15031 0.0320523 -0.0271387
15094 0.0428285 -0.166635
15110 -0.136534 -0.462563
15142 0.192748 -0.0614149
15148 -0.0166014 -0.102134
15150 -0.143354 -0.0307033
15158 -0.189498 0.0324281
15168 0.0908422 0.087938
15173 0.26748 0.418083
15243 0.0703148 -0.170653
15258 -0.0315237 0.108597
15264 0.0553111 -0.0374943
15282 -0.426221 -0.47652
15286 0.0431741 0.248741
15311 -0.114148 0.174717
15326 -0.0538778 -0.113948
15345 -0.0412234 -0.284043
15389 0.0554656 0.0825247
15391 -0.148344 -0.223189
15392 -0.0732548 0.119612
15400 -0.00404886 -0.217827
15428 -0.0397495 -0.0699443
15438 -0.161257 -0.373224
15455 0.0527513 0.0158976
15461 0.0405499 -0.0542444
15473 0.00241466 0.226803
15478 -0.0228994 0.244104
15480 0.317739 0.12108
15485 0.0619875 0.028739
15494 0.155079 -0.101992
15495 -0.0724191 -0.194073
15505 -0.117971 0.030811
15511 0.0511543 0.0875753
15524 0.0762865 0.374953
15533 0.047446 0.141465
15534 1.25907 1.07735
15546 0.0239232 0.0360306
15560 0.073607 -0.103353
15567 0.0290147 0.0221169
15585 0.0307741 0.0294273
15597 -0.0938422 -0.0162774
15609 0.194604 -0.102706
15611 -0.100935 -0.098857
15615 -0.0863974 -0.0569825
15627 -0.160539 0.206813
15628 0.0527149 0.00198486
15658 -0.0617375 -0.00274803
15667 -0.11677 0.892552
15675 0.153308 -0.0801579
15677 0.0620069 -0.0760044
15681 0.0339623 0.124803
15734 0.0494073 0.0397362
15747 0.426268 0.381299
15756 0.127844 0.00756415
15767 0.309319 -0.275814
15771 0.066245 -0.00373045
15774 -0.00378961 -0.309618
15786 0.0363699 0.0220881
15799 0.03305 0.0110458
15800 0.130116 -0.227949
15806 -0.34099 -0.715776
15809 -0.0401872 -0.0734191
15811 0.0609823 0.0599298
15816 0.0803667 0.0630475
15818 0.191577 0.222921
15834 -0.0967348 0.413961
15845 0.140681 0.298906
15850 0.0530739 0.0636567
15875 0.162953 -0.0322931
15880 0.0383465 -0.0174463
15883 -0.0736159 0.0239324
15884 -0.211764 -0.153147
15900 -0.0430594 0.240011
15901 0.00529043 0.216826
15903 -0.117112 0.0282364
15905 0.0226475 -0.0087081
15924 0.154241 0.220175
15942 -0.11357 0.0282523
15948 -0.19859 -0.0893156
15953 -0.0676775 -0.0389495
15955 0.246509 0.226075
15967 0.0144856 0.0725583
15976 0.390926 0.535012
15984 -0.000618314 0.147216
15985 -0.173647 -0.208368
16001 0.0676599 -0.277733
16003 -0.0508813 0.195062
16011 0.071226 0.0774931
16087 0.23392 0.12208
16125 0.142692 0.408197
16139 0.218743 0.280877
16171 0.0679467 0.122522
16178 0.0330213 0.00960761
16185 -0.0154274 0.0986847
16209 0.118709 0.135235
16216 0.0177897 -0.0216114
16235 -0.125846 0.181097
16236 -0.0744611 0.039824
16263 0.041563 0.0365827
16288 -0.0168124 0.151656
16289 -0.44052 0.489729
16292 0.071985 0.0715776
16304 -0.160721 -0.0543623
16336 0.0503625 -0.062962
16339 -0.241553 -0.0402241
16345 -0.00617869 0.193687
16356 0.0668893 0.10805
16359 0.883314 1.42004
16362 -0.0410011 -0.345863
16374 -2.61659 -4.73206
16378 0.0258151 0.0343784
16382 0.0334999 0.0188081
16393 0.0206351 0.100674
16396 0.0604433 0.216808
16415 -0.123927 -0.00833761
16450 0.058054 -0.0121203
16457 -0.311705 -0.476346
16472 0.17548 0.21112
16478 -0.0124742 -0.104998
16485 -0.130511 0.0702708
16493 0.0961946 0.0924737
16505 -0.0938404 -0.0719847
16514 0.165102 -0.275999
16534 0.0541941 0.153959
16538 0.0769924 0.0786445
16548 0.0686395 -0.0428485
16581 0.140781 -0.0305843
16585 -0.0426567 0.00206373
16595 -0.0149233 0.126207
16608 0.0565458 0.0541096
16616 0.0721729 0.356647
16622 -0.215165 0.0713202
16629 0.0254291 0.0386892
16640 0.0171356 -0.196314
16644 -0.0067346 -0.140379
16651 0.253977 -0.386297
16658 0.143922 0.470271
16661 0.0723146 0.127402
16667 0.120121 0.0122888
16680 0.357953 0.00468597
16685 -0.408175 -0.805828
16689 0.114462 0.201652
16692 0.0928567 -0.228619
16704 0.0125745 0.0946797
16724 656.189 -1110.9
16729 0.257379 0.221781
16737 0.0266979 0.0130094
16741 -0.0718734 -0.181836
16764 -0.0566217 -0.22228
16774 0.0220461 0.115918
16806 0.00649155 0.200409
16817 -0.144833 0.0967041
16846 -0.787423 -2.01371
16847 -0.0353099 0.729876
16858 0.339381 -0.636613
16859 -0.0246947 -0.0594152
16871 -1.49467 -1.63179
16878 -0.00739088 0.107931
16894 0.276903 0.106461
16914 -0.104768 -0.194657
16919 0.0354427 0.036915
16937 0.0950829 0.337937
16954 -0.0355846 0.291935
17005 0.20231 0.0411234
17012 -0.134234 -0.279732
17031 0.894699 1.64414
17041 0.0602388 0.522413
17056 -0.161558 -0.169339
17058 0.14749 0.312398
17093 -0.257554 0.108551
17094 -0.0612058 0.16627
17107 0.0272094 0.0295781
17109 0.048905 0.101451
17137 0.0415848 0.0653277
17140 -0.103732 -0.0761004
17142 0.0887504 -0.0479606
17165 0.0898249 0.028726
17204 0.0983466 0.163477
17213 0.125469 0.107103
17221 0.152883 0.185409
17263 0.0214856 0.059141
17264 0.188896 0.180943
17277 -0.0306523 0.324528
17314 -0.0679403 -0.0847723
17359 -0.0707217 0.0951676
17361 0.394962 0.493601
17379 -15.9216 -15.8959
17382 0.0232604 -0.0263032
17384 0.0557287 0.0423569
17403 -0.0924894 -0.0769991
17410 0.166597 0.123642
17421 -0.139728 -0.0817675
17424 0.0192886 0.0109163
17459 0.0848763 -0.0316046
17480 -0.0145609 -0.176689
17496 0.986206 -1.14896
17501 -0.0975838 -0.165131
17511 0.0571459 0.0754443
17516 2.53778 4.02196
17541 -0.0287855 -0.0127242
17542 -0.0256388 -0.126086
17571 0.0667985 -0.0927873
17574 0.456687 0.940857
17585 0.0592897 -0.0959135
17586 0.0364604 0.103432
17597 0.0144024 -0.138769
17599 0.31461 0.30869
17601 0.0631303 -0.0780173
17623 0.0391841 -0.00346461
17630 0.09751 0.0496892
17638 0.0177162 0.0889283
17680 -0.106757 -0.106245
17706 0.0780544 0.170899
17727 0.0492317 -0.0180323
17746 0.303456 0.519638
17756 -0.0243596 0.141821
17776 0.162227 0.0728876
17777 0.0122328 0.0303666
17811 -0.0973262 0.521615
17824 0.221166 -0.408836
17832 -0.100855 -0.0637937
17849 0.0207789 0.055593
17864 0.108933 0.10291
17865 -0.225576 -0.725826
17867 -0.126296 0.305997
17870 -0.220678 0.236129
17874 -0.197133 -0.214125
17886 -0.170792 0.387903
17892 0.10419 0.0796254
17894 -0.0651118 -0.0616952
17938 0.0797737 -0.105764
17956 0.22307 0.392973
17959 -0.0607241 0.641718
17974 0.0707547 -0.064974
17987 0.0180355 -0.129749
17996 0.0414264 0.475733
18024 -0.0062147 0.111487
18028 0.101811 0.035745
18040 0.0546539 0.30185
18042 -0.147656 -0.0355798
18071 0.120828 0.134211
18080 0.338333 -0.491582
18084 0.792136 -0.0578398
18094 0.0525176 -0.0283101
18105 0.0212899 -0.12355
18107 -0.0269758 -0.596236
18109 0.051288 0.118911
18120 0.073192 0.134193
18143 -0.0501743 0.15723
18148 -0.0728892 0.0599079
18169 0.0658926 0.182371
18201 0.0951749 -0.00327797
18211 0.0542254 0.0870711
18226 0.0509285 0.054092
18281 0.311692 0.343708
18293 -3.69571 -3.86915
18323 -0.0229135 0.100184
18325 -0.259672 -0.258917
18345 0.0358395 -0.0911969
18350 -0.0508779 -0.100995
18353 0.138572 0.0142324
18358 0.0347644 0.000850379
18363 0.0657636 0.150939
18365 0.261964 -0.0760037
18428 0.0811608 0.0215692
18459 0.06658 -0.0153114
18468 -0.11089 0.101978
18470 0.136003 0.0357147
18474 0.424096 0.460348
18515 -0.141227 -0.143716
18529 -0.288503 0.269526
18548 -0.262946 -0.559949
18564 -1.7677 -1.89212
18567 0.0486656 0.0594661
18576 0.0229921 0.0667063
18598 0.349158 0.329015
18644 -0.00268063 -0.390851
18671 0.0461173 0.080087
18683 -0.113437 -0.0640389
18721 -0.0379755 -0.156452
18754 0.01151 0.17558
18755 0.230925 0.0743647
18768 0.0314274 0.0133416
18801 -0.0369494 0.145453
18809 -0.0832568 0.144039
18813 -0.0483037 0.132667
18835 -0.0402187 0.0953892
18836 0.00807339 0.031455
18870 0.0218699 0.268795
18878 0.110543 0.156549
18891 0.072589 -0.0793359
18892 0.243649 0.314548
18929 -0.322053 -0.314185
18937 -0.0123662 0.109522
18946 4.68022 5.53004
18961 -1.64458 -2.03315
18988 0.0245665 0.286713
19011 0.0527247 0.0916465
19040 -0.280009 -0.208459
19051 -0.206635 0.916824
19068 0.0537445 0.0945064
19083 0.0221152 0.0364796
19089 -0.00164257 0.00953361
19103 -0.0495904 0.0120886
19122 0.0143083 0.0748691
19133 0.158762 -0.162182
19146 0.0190557 0.00920163
19165 -0.0415878 0.227824
19173 0.00718465 0.230959
19187 -0.166541 0.0259505
19193 -0.0718483 0.0237564
19198 0.138589 0.296944
19206 0.0547778 0.0932063
19209 0.09193 0.290052
19259 -0.184491 -0.17712
19275 0.145374 -0.169561
19286 0.030467 0.0588267
19289 0.0403411 0.0296547
19336 0.0386742 0.00255455
19419 -0.225607 -0.0481338
19456 0.156666 0.0960759
19468 0.00850398 0.000246849
19479 0.0959687 0.025665
19518 -0.0157908 -0.238847
19559 0.0684534 0.268899
19562 -0.0734718 -0.200339
19571 0.2821 0.318316
19585 -0.155018 0.0330537
19586 0.415087 0.154718
19608 -0.0451542 -0.0869131
19610 0.0329005 -0.00551663
19624 -0.188764 -0.592351
19627 0.12815 -0.0391391
19629 0.0495517 0.138798
19639 -0.169801 0.187327
19645 0.0216292 0.00386754
19651 -0.0743977 0.0217168
19672 -2.24261 -2.78694
19677 0.063316 0.259652
19684 -0.0129001 0.139591
19688 -0.024125 0.207446
19694 0.130704 0.282927
19706 -0.102502 -0.0835955
19715 -0.057692 -0.132757
19737 0.0536302 1.01766
19744 -0.112214 -0.0238447
19781 0.153574 0.381629
19812 0.0194983 0.249224
19816 0.0432157 -0.224596
19861 0.0778682 -0.017955
19894 1.01802 -1.82627
19909 0.0816501 0.341911
19938 -0.00446412 -0.0645842
19955 0.0572329 0.211014
19977 0.0405752 -0.015104
19983 0.176957 0.106036
19990 0.0488689 -0.0384664
19997 0.0588434 0.240133
20019 0.0340854 0.0682569
20041 0.0114736 0.0519796
20048 0.041443 -0.107485
20053 0.00586528 0.00590173
20056 0.0502021 0.0562419
20061 -0.235449 -0.644603
20097 0.0846877 0.256784
20136 0.168704 0.2169
20140 -0.0924937 0.127332
20155 -0.00192566 0.0737689
20174 0.217904 0.017616
20189 -0.136869 -0.0259817
20194 0.0442175 0.0444631
20203 0.0383464 0.128386
20204 0.115623 0.0464709
20211 0.248022 0.325383
20216 0.531743 1.34778
20218 -1.3117 -1.60892
20236 0.0185415 0.00472162
20237 0.06452 -0.077645
20241 0.0391536 0.122705
20242 0.0460721 0.0573233
20247 -0.406068 -0.845049
20263 -0.0511614 -0.102628
20276 -0.257274 0.561401
20282 1.67076 -5.21802
20284 -0.530509 -0.644207
20295 0.222992 0.146117
20326 -0.0095286 0.0873786
20381 -0.09932 0.0187765
20394 -0.0613114 -0.0430064
20411 0.0933106 0.203839
20456 -0.116842 -0.145169
20492 0.0470381 -0.059884
20511 0.0435967 0.109419
20538 0.561781 0.501433
20544 0.0726244 0.0775894
20546 0.0881832 -0.0203074
20550 0.131278 -0.325801
20581 -0.0439199 0.148902
20582 -0.0106425 0.283255
20588 0.0415477 -0.00952719
20594 0.11773 0.045137
20596 0.120981 0.183434
20603 0.0242736 0.184829
20650 -0.250135 0.303446
20653 -0.120209 0.587022
20683 -0.10236 -0.485189
20694 0.0402176 0.112613
20700 0.0345631 0.145671
20757 0.934939 1.52388
20784 0.0421114 0.00496169
20789 -0.0691259 -0.00417849
20794 -0.164957 0.0914021
20796 0.166096 -0.195603
20799 0.0936848 0.0895389
20802 0.249075 -0.0730033
20824 -0.113039 -0.00132456
20827 0.0491665 0.0159605
20831 0.390097 0.960452
20872 -0.0268269 0.194277
20895 -0.0634873 -0.143171
20897 -0.0855952 0.024173
20905 0.031614 0.196876
20906 0.064169 -0.206519
20924 0.0458202 0.0498224
20936 0.0236492 0.00477175
20950 -0.456322 -1.03321
20951 -129.281 -211.189
20959 0.0333416 0.0517174
20968 1.65772 2.73054
20984 -0.195223 0.138512
21000 -0.0234274 0.00856167
21014 0.0252717 -0.0447538
21023 -0.0705272 -0.141434
21038 0.216867 0.268114
21041 -0.00840625 0.17701
21053 0.00342398 -0.0288983
21055 0.12553 0.169711
21072 0.0639637 -0.200877
21074 0.0558108 -0.115183
21090 0.073858 0.182818
21096 0.53602 -0.13234
21102 1.44196 -1.40555
21123 0.00396541 -0.16661
21152 -0.116839 -0.21308
21154 0.431813 0.30545
21168 0.553167 1.85152
21177 0.30945 0.504612
21186 0.034299 -0.0185813
21189 0.717328 0.154806
21234 -6.88481 22.6588
21237 0.274803 -0.0262993
21245 -0.219045 0.218581
21257 0.136364 0.0688912
21271 0.102565 0.316088
21275 0.0806201 -0.132694
21276 0.0567205 0.0687452
21282 0.0603279 0.113358
21335 -0.0748709 -0.177326
21339 0.0287954 0.00106943
21345 -0.0726016 -0.0541662
21346 0.0064496 0.00549321
21363 0.00934484 0.0791033
21369 0.0623782 -0.220626
21377 0.0254417 -0.0503353
21379 0.0302458 0.117174
21381 -0.136819 -0.0402307
21392 -0.0515992 0.1033
21395 0.154516 0.0941246
21400 -0.118064 0.00978475
21417 0.43992 0.780965
21443 -0.910199 -1.45649
21449 0.162313 0.125654
21454 0.210695 0.314752
21486 0.142353 0.152971
21498 0.162593 0.69067
21511 -0.179772 0.146383
21512 -0.0473766 0.164713
21529 0.177949 -0.341321
21542 -0.0661955 -0.172653
21545 -0.0737149 0.312544
21546 0.0606911 0.722726
21562 -0.356502 -0.189816
21583 0.0149546 0.0639099
21608 6.32378 -11.0827
21610 0.035635 -0.478494
21619 0.0146366 0.0127863
21621 0.0563157 0.134592
21645 -0.0974532 0.0300098
21661 0.084414 0.104461
21680 -3.08424 -5.94683
21681 0.149839 0.294221
21684 0.151451 0.163595
21700 -0.0571841 0.148415
21711 -0.133582 -0.0967297
21720 0.109644 -0.168319
21740 0.19517 -0.0207921
21741 0.07226 -0.0116072
21770 -1.29882 -1.21921
21775 0.0924106 0.128864
21785 -1.81255 -2.51482
21793 -0.0779764 -0.132141
21804 -0.00628415 0.105653
21806 0.0415684 -0.77542
21822 0.0847612 0.10886
21826 2.75103 3.54702
21850 -1.34164 1.84575
21857 0.233394 -0.0357472
21860 -0.038465 -0.0969689
21864 0.0634073 -0.000985287
21874 0.0700583 0.302619
21882 -0.132565 -0.197833
21884 -0.255671 -0.228074
21886 0.0190545 0.0624634
21891 0.0872679 0.305551
21906 0.0929533 -0.194544
21918 0.110744 0.0561988
21931 0.186744 0.237047
21936 0.00882579 0.0212348
21940 -0.0585857 -0.372882
21943 0.128698 0.105687
21948 -0.0303627 -0.0943265
21957 -0.0196756 0.106079
21958 0.432211 0.53282
21962 0.00729269 -0.245231
21975 2.24949 3.95982
21990 -0.283186 -1.84379
21992 -1.16765 -1.42559
22000 -0.231266 0.304875
22030 0.0593215 0.0974305
22034 0.0335095 0.0273718
22043 0.384091 0.601272
22046 -0.160138 -0.154989
22062 0.0367425 0.143696
22103 -1.01142 6.35761
22138 0.0815203 0.165128
22142 -0.00124869 -0.094165
22171 -0.166817 -0.0378188
22175 -0.0912727 -0.300878
22196 0.158975 0.0282754
22203 -0.114704 0.0563743
22204 0.0694004 0.110605
22210 0.0590281 0.00317545
22222 -0.305618 0.722904
22246 -0.0314131 0.064756
22252 0.116261 0.0319327
22254 -0.0277143 -0.0313889
22268 -0.0133289 0.0529513
22273 0.0906965 0.132583
22276 -0.40359 -1.15319
22284 -0.078254 -0.194855
22290 -0.115762 -0.137932
22301 -0.0297077 0.173717
22310 0.0067831 0.0700725
22319 0.796469 1.57363
22320 -0.194995 -0.198708
22340 -0.0467844 0.238621
22346 -0.524179 -0.918762
22350 0.138408 0.219995
22359 0.0186246 0.0559668
22364 -0.131034 -0.0932391
22368 1.63942 2.24687
22369 0.0745942 -0.00670455
22370 0.109427 0.0197525
22415 0.200993 -0.137798
22424 -0.0868637 0.297292
22440 0.0752452 -0.541299
22458 0.047334 0.222485
22486 0.247987 0.0808958
22545 0.0518798 0.139098
22549 0.236398 0.0964913
22562 0.00868127 -0.00443943
22600 0.0380384 0.14115
22603 0.547632 0.659908
22606 0.0595134 -0.0921587
22611 -0.00609781 -0.241363
22625 0.647361 1.02843
22627 0.013965 0.0580082
22648 0.0670886 -0.245777
22656 0.0587871 -0.0144331
22657 0.0167353 0.0191987
22659 -0.197875 -0.584963
22668 0.0394289 0.0612543
22672 -0.289917 0.100286
22674 0.0768063 -0.00413054
22700 -0.189835 -0.0994694
22712 0.093101 0.263095
22717 0.0614177 0.197841
22718 -0.0189566 0.0968084
22721 -0.0700971 0.102889
22750 0.206371 -0.179268
22770 0.745176 0.954194
22774 0.0203484 -0.720136
22776 0.00432251 0.167692
22781 0.0451941 0.0280091
22804 0.0455388 0.0147043
22838 2.02435 8.54608
22871 0.0998083 0.0644543
22872 -0.0212985 0.0901674
22917 0.0248902 0.0411649
22927 -0.0403968 0.197319
22943 0.109767 -0.00204535
22955 -0.0119262 0.116299
22970 -0.108128 0.439114
22983 0.145423 0.048995
22984 0.160839 0.0215298
22990 0.186876 0.00798803
23018 0.0249412 0.0565047
23020 -0.00107516 0.0595339
23026 0.190947 0.15859
23040 0.206369 0.125759
23061 -0.073469 -0.0888512
23082 0.00985546 -0.0117956
23097 0.0432651 0.0694294
23130 0.0424794 0.035218
23190 0.0712286 -0.0530253
23214 0.0242236 -0.000441001
23223 -0.0141976 -0.20612
23241 0.331646 0.181031
23253 -0.12774 -0.0291056
23262 0.0127883 0.128819
23281 0.13522 -0.28316
23300 -0.0298122 -0.13104
23303 0.0939295 0.0122815
23306 -0.138895 -0.298183
23330 0.202419 0.320667
23378 -0.0501169 -0.0910154
23392 0.0281903 -0.00879662
23395 0.0423067 0.0436552
23403 -0.357146 -0.551001
23410 -0.142828 -0.266376
23417 -0.0584791 0.280635
23431 -0.476176 0.87137
23433 0.0890517 0.130132
23467 1.77736 1.8103
23474 -0.00896545 0.122544
23494 0.0981121 -0.0912964
23497 -0.0685333 0.439226
23511 0.101361 0.171627
23532 -0.150976 0.559012
23534 0.0354585 0.0936255
23541 -0.00915663 -0.20092
23558 0.0851545 -0.0476564
23591 0.045249 -0.0186526
23627 0.0443155 0.0281675
23650 0.152334 0.206027
23654 0.0656763 -0.013541
23686 0.0828394 0.089075
23695 0.0736485 -0.154034
23705 0.0963981 -0.0757171
23744 0.237455 0.177629
23773 0.10716 -0.0264439
23789 0.00525832 -0.116387
23797 -0.180491 0.179022
23812 -0.0552722 0.179245
23813 0.118449 0.183414
23827 -0.120766 0.406884
23833 0.0830828 0.00272836
23844 -0.147172 0.359574
23847 0.154144 -0.0308923
23850 0.144966 0.126257
23857 0.0992857 0.179606
23871 0.311125 -0.605105
23872 -0.130595 -0.10667
23877 -0.00847972 0.0655912
23889 -0.0981138 0.126837
23893 0.0876838 -0.0119708
23908 0.0626533 0.0767128
23915 0.0277317 0.150785
23921 -0.0779657 -0.08303
23941 0.2126 -0.4164
23960 -0.433799 0.589809
23990 0.0725645 0.0688492
24031 -0.207729 -0.192502
24040 0.0598282 -0.0522651
24056 0.16906 0.344021
24065 0.0381108 -0.0487241
24069 0.224824 0.142165
24079 0.119763 0.0362939
24081 0.0512915 -0.00540341
24084 -0.298334 -0.236913
24088 0.0205994 0.00318097
24115 -0.000170698 -0.108599
24131 0.488981 0.602159
24133 -0.087708 -0.0742829
24147 0.0324044 0.00287521
24152 -0.309745 -0.440017
24179 0.025331 0.0217977
24196 0.0829253 0.156837
24199 0.0174545 0.00654199
24229 -0.248677 0.323944
24230 -0.199859 0.0156552
24255 0.123157 0.383092
24270 -0.119883 0.059113
24286 0.115441 0.0373764
24289 -0.853705 -1.18313
24292 -0.0126781 0.0147114
24327 0.277996 -0.698242
24333 0.0782515 -0.00947453
24337 0.0252561 0.0878031
24341 0.221932 0.148933
24349 -0.00133865 0.0922582
24366 0.638913 1.4754
24379 0.197965 0.117541
24405 0.165809 0.399915
24412 0.201533 0.055637
24437 -112.354 -229.69
24490 0.0347314 -0.111961
24492 -0.0733194 -0.0448107
24494 0.180087 0.435686
24505 -0.0683073 0.0547014
24514 0.466505 0.129589
24547 -0.104848 0.0580938
24558 0.0143858 0.0771288
24569 0.0904882 -0.260484
24595 0.408736 0.0216895
24600 0.197008 0.0373014
24606 0.0643532 0.0738993
24622 0.0711164 -0.0552195
24641 0.0287822 0.066721
24668 0.00947556 0.306933
24685 0.347106 0.474606
24687 0.130225 0.204682
24705 0.073113 0.110676
24707 -0.161588 0.00806595
24713 0.266775 -0.298106
24715 -0.664678 0.785269
24729 0.105452 -0.186886
24740 0.156011 -0.112386
24742 0.104852 0.0209055
24749 0.361068 0.287948
24752 0.079096 0.107056
24773 0.105378 0.565073
24783 0.0157343 -0.0350924
24784 0.0204252 0.109826
24790 0.132349 0.0761318
24813 -0.210292 -0.577531
24856 -0.000475713 0.161266
24874 0.0358252 -0.309032
24880 0.242239 0.269692
24890 0.00454757 -0.122796
24897 0.0105148 0.0489255
24908 19.0558 31.0166
24913 -0.000147168 0.196785
24931 0.0793627 0.00230306
24935 -0.150023 0.753052
24947 -0.0662821 -0.105769
24978 -0.0934359 0.173569
24991 0.04599 0.111822
25009 0.069261 0.0408625
25014 0.193633 -0.591357
25045 0.0917923 0.277231
25074 -0.46593 2.27093
25082 0.131901 0.522193
25092 0.802667 0.953046
25099 0.400942 -0.174389
25109 -0.00888491 0.12915
25110 0.108416 0.220246
25124 -0.0198184 0.430389
25141 0.0399411 0.0140061
25166 -0.0183623 0.132294
25174 0.027997 0.0390314
25186 -0.301399 -0.103371
25191 -0.0662662 0.0101761
25196 0.257695 0.0802414
25197 3.47797 -3.70896
25207 -0.182601 -0.219694
25212 0.132733 0.275073
25213 0.672148 -5.09775
25243 0.0226859 0.971042
25261 -0.0118136 0.0673654
25273 -0.155656 -0.257788
25279 0.0611895 0.0380187
25289 -0.299284 0.456946
25292 -0.0517451 0.174607
25316 0.0936181 0.0385007
25345 -0.00633072 0.152296
25355 -0.081496 0.408937
25381 0.311139 0.286109
25399 0.143248 -0.0399385
25400 0.0945211 0.0604322
25415 0.0239636 0.0058334
25429 0.00325959 -0.00638756
25434 0.162513 -0.105321
25464 0.139317 -0.302255
25474 -0.0223771 0.192772
25479 0.0407968 0.0196959
25489 0.0353613 0.109142
25497 0.0280824 -0.00457949
25509 2.74228 3.1743
25552 -0.149229 -1.00617
25572 0.0531231 0.0856394
25577 0.172551 0.0357149
25584 -0.103836 -0.174158
25585 0.0596146 -0.179764
25591 0.340103 0.473663
25606 0.0488041 0.0708689
25626 0.0407 0.0118113
25628 -0.117774 -0.118185
25634 0.0752772 0.140732
25645 0.0391937 -0.271764
25650 1.09573 0.967279
25657 0.0666264 0.0122708
25658 0.0218272 -0.00778348
25669 0.0617969 -0.0364113
25690 0.558109 1.01279
25695 -0.121843 0.268778
25717 -0.418885 1.44751
25746 0.0702742 -0.026217
25747 0.32967 -0.0114325
25764 0.0885749 0.135501
25767 -0.0956127 -0.117156
25770 -1.07703 -1.63652
25783 0.116763 0.21315
25829 -0.274881 -0.229198
25852 0.10834 0.0667098
25873 0.00771712 0.0119167
25874 0.0229236 0.0737651
25891 0.0579581 0.0800795
25893 0.231649 0.793851
25895 0.0671745 0.420628
25904 0.0210949 0.74269
25915 0.164036 -0.00210448
25942 0.0122316 2.50376
25949 -0.0699343 0.0385124
25956 -0.232872 0.313988
25959 -0.00823142 -0.174029
25966 0.0620679 0.0188432
25975 0.044272 0.0486752
25992 -0.221464 -0.025297
26018 0.238104 0.30791
26041 0.144107 0.00580442
26056 -0.0919376 0.0150859
26057 0.0697752 0.00366265
26059 -0.0472195 0.150689
26071 0.265502 0.27437
26086 -0.00156396 -0.146167
26092 0.0861788 0.350005
26102 0.0678723 0.0779851
26105 0.0406876 0.0832624
26118 0.141055 0.0415349
26134 0.0149364 0.00133908
26139 0.388104 0.429093
26176 -0.0400174 0.145246
26181 0.0543365 -0.0806425
26182 0.00235797 -0.00121012
26198 0.0475412 0.0135714
26213 0.053304 0.0676086
26223 0.124259 0.33839
26227 0.172217 -0.0421428
26231 -0.0208893 0.173513
26243 -0.179834 -0.340887
26286 -0.22534 -0.183582
26292 0.0521014 0.114606
26315 0.242343 0.391311
26319 0.0250903 0.00896196
26334 -0.0157405 0.0421351
26379 -0.0922957 -0.672921
26399 -0.0218194 0.112343
26408 0.0154517 0.0169012
26420 -1.20501 -1.34931
26425 0.0721198 0.0867167
26480 -0.123001 0.0203066
26504 -0.00957406 0.058955
26536 0.170308 0.281042
26548 0.124962 0.284623
26552 -0.0399661 -0.65424
26601 0.174159 0.0789118
26602 -0.104444 0.0858751
26607 0.0315343 0.0945094
26623 -0.110309 0.0810307
26628 0.0615983 0.021553
26654 0.128948 -0.0966009
26681 0.00944156 0.01346
26687 -5.38742 -6.34217
26705 0.0881197 -0.0226935
26707 0.0373238 0.00901858
26708 0.160639 0.0788477
26744 0.0385272 0.034868
26760 -0.15222 0.28952
26765 0.402238 0.369036
26777 0.0544171 -0.0194734
26783 -0.0135194 -0.1449
26789 -0.135669 -0.14375
26803 -0.00844618 -0.0516979
26814 0.015935 -0.0609561
26816 0.287557 0.770687
26819 0.00312654 -0.0858495
26849 0.1559 0.579806
26851 0.0693128 0.0369786
26862 0.0549804 0.131819
26902 0.0650166 0.0300934
26916 0.186782 0.361331
26937 -0.261507 -0.278972
26990 0.0104978 0.0422832
27004 -0.826334 -1.24673
27013 0.156052 0.17419
27039 0.164144 -0.119375
27041 0.112221 -0.103728
27043 0.146515 -0.0379665
27044 0.0533705 0.10581
27052 0.0480369 0.106282
27078 0.155972 0.314225
27100 0.160662 -0.192741
27143 0.0347629 -0.0121303
27148 0.0629372 -0.0892969
27177 -0.327678 -0.882879
27192 0.0203744 0.0579891
27217 -0.147988 -0.123339
27224 -0.0691237 -0.100655
27230 0.141983 -0.0855618
27236 0.0835314 -0.0714129
27238 -0.133264 -0.787328
27288 0.021715 0.0585753
27293 0.0258602 0.137404
27314 -0.0962946 -0.125349
27327 0.076072 0.0614768
27329 -0.0915576 -0.0538362
27335 -0.301408 -0.163385
27350 0.104289 0.0794383
27358 0.0712456 -0.152234
27367 -0.0243419 0.202846
27389 0.0109379 0.0191482
27442 -0.0402557 -0.170857
27443 0.0552249 -0.0184934
27452 0.0928678 0.344178
27472 0.40185 0.515165
27473 0.0386826 -0.281145
27503 0.0590868 0.249674
27519 0.0839054 0.143967
27526 0.090074 0.142384
27537 0.00852546 0.0340802
27552 0.171761 -0.236171
27557 -0.219933 -0.32017
27568 0.00724545 0.072473
27574 0.024831 0.0764383
27615 0.312069 0.39078
27616 0.0252624 0.171294
27621 -0.0712853 -0.14593
27665 -0.441806 0.798565
27671 0.1207 -0.0250112
27688 0.159769 0.304855
27700 0.538526 0.600454
27711 0.0438444 -0.000169971
27727 0.21381 0.361049
27769 0.112375 -0.730424
27796 0.288799 0.227517
27799 -0.0237744 0.0638552
27823 0.0392022 0.108222
27846 0.306681 -0.057036
27857 -0.151081 -0.0939294
27867 0.423526 0.377268
27883 0.082427 0.0577831
27900 -0.0960894 0.0129478
27907 0.136094 0.0316589
27914 -0.00212372 0.127635
27944 0.0524059 -0.0260911
27946 0.042244 -0.145207
28008 0.0331646 -0.136046
28050 0.36623 -0.62133
28055 0.0510652 0.0164527
28056 0.0640065 0.120713
28070 0.482698 0.679119
28111 0.473137 1.14158
28116 0.0283389 0.0972617
28136 0.0753268 -0.0381499
28145 0.0294193 -0.116248
28151 -0.0849293 -0.081338
28169 0.0144688 0.0306778
28177 0.0173765 0.0273614
28184 -0.767329 0.725899
28197 -0.23436 0.0584717
28212 -0.000343236 -0.0534262
28214 0.0140399 0.119341
28225 0.0664634 0.0193966
28226 0.0208301 0.21654
28228 0.0228781 -0.0720379
28230 0.0661118 -0.0115144
28233 0.263483 0.00669546
28257 0.0220558 -0.000775267
28259 -0.116418 0.122582
28281 -0.022105 0.111037
28299 0.00970015 0.010731
28315 0.146235 0.178594
28320 0.164328 -0.0639117
28326 -0.548602 -0.529921
28352 -0.0765946 -0.115321
28360 0.0782556 0.309081
28363 0.0200185 0.20886
28374 0.15984 -0.0181717
28401 -0.146875 -0.216705
28445 -0.0550251 -0.135313
28454 0.133809 0.38731
28455 -0.127159 -0.0247
28460 0.169036 0.280618
28465 0.254716 0.272588
28470 0.0477869 0.0309713
28471 0.0186958 0.00552541
28509 5.34702 5.98896
28539 0.0797814 0.0251712
28558 -0.0174422 0.158643
28565 -0.0232903 0.171166
28581 -0.222049 -0.407307
28582 0.027218 0.104533
28593 0.0577085 -0.00213193
28597 0.0251183 0.00809263
28598 0.0256009 -0.347517
28612 0.335307 0.340298
28615 -0.020534 -0.201421
28621 0.0134405 0.0366919
28643 0.0085652 0.178678
28683 -0.124658 -0.344258
28685 -0.0943243 0.0509546
28690 0.034733 0.116205
28691 0.0512463 0.153963
28692 0.0649536 0.043546
28720 0.0229422 0.0153463
28739 0.0398597 0.133603
28740 -0.0881721 0.0793465
28745 0.0411201 0.260283
28759 0.0475338 -0.00631382
28766 -0.0966648 -0.0845765
28774 0.132279 -0.169508
28781 -0.0463612 0.0729892
28819 -0.0315949 0.11225
28832 0.0820305 0.110958
28846 0.373986 0.288674
28852 0.164784 0.0818596
28855 0.0180877 0.130452
28860 0.0539714 0.36107
28864 0.0463276 0.0192319
28866 0.178732 -0.386102
28886 0.113907 -0.122806
28887 -0.679474 0.66071
28895 -0.258256 -0.260368
28899 0.0274874 0.139309
28913 -5.53209 -11.4514
28925 -0.0861643 0.251619
28930 0.668114 0.319613
28940 0.0774522 -0.236177
28950 0.201526 0.145383
28957 0.0172495 -0.0908928
28964 0.154311 -0.00982244
28993 0.0435221 -0.0913795
29009 0.0417408 0.117288
29011 0.0821668 0.0589271
29015 0.186251 0.182589
29023 0.0796834 -0.107086
29026 0.118143 0.440244
29059 0.0606328 0.0298148
29070 -0.0765654 0.130394
29102 0.275904 0.948127
29105 0.0683518 0.00569437
29108 -0.0158202 0.0991864
29110 -0.00162226 -0.443458
29113 0.0646622 0.0622759
29185 0.219815 0.00520559
29219 0.0974344 0.00911125
29223 -0.345525 -0.289728
29226 0.17904 -0.065884
29236 0.0996661 0.056518
29241 0.0166238 0.0401202
29264 0.0772182 0.0339344
29270 -0.0387678 -0.183362
29289 0.10386 -0.139409
29302 -0.0341528 -0.168902
29309 0.205344 0.287761
29313 -2.53328 3.34431
29329 0.132514 0.261911
29340 -0.0655644 -0.163341
29348 -0.0126698 -0.107788
29350 1.53866 -3.46721
29355 0.0567933 -0.0669991
29382 -0.160461 -0.00503445
29390 -0.0644373 -0.491897
29396 -0.0916367 0.00387422
29406 -0.159436 0.0356034
29415 0.299185 0.355395
29416 -0.0416677 -0.190618
29417 -0.0403194 0.46659
29424 0.0204975 0.139448
29426 -0.18087 -0.0434487
29451 0.00127576 0.111927
29456 -0.0329376 0.138478
29465 0.123614 -0.465277
29480 0.0371715 -0.0692476
29487 0.632386 1.13063
29502 0.0208538 -0.158801
29513 0.0039389 0.00337656
29550 0.0210854 0.0164105
29551 -0.262459 -0.352569
29553 0.104908 0.099865
29556 0.0761657 0.0653994
29569 0.288348 0.0112761
29582 0.0391165 0.0428794
29587 -0.0381165 0.00699523
29588 0.0645879 0.118593
29591 0.0608447 0.0574034
29600 0.237845 -0.171733
29603 -0.101768 -0.0256105
29617 -0.197382 0.267515
29630 0.0556552 -0.0268741
29633 -0.0220014 0.108295
29641 0.0142382 0.00726963
29643 0.0408177 -0.0114457
29644 -0.0316796 -0.0995359
29662 -0.177651 0.00761076
29670 0.199691 0.601712
29682 -0.0690079 0.26091
29709 0.147143 0.0450992
29713 0.165366 -0.0865245
29736 -0.0464487 0.118142
29750 0.0642926 0.117513
29756 -0.0721575 -0.358992
29766 0.407177 -0.0174079
29767 0.238637 0.273503
29779 1.8223 -1.62173
29785 0.113266 0.153579
29800 0.0994655 0.264591
29807 0.00603413 -0.256125
29811 -0.0452442 0.12738
29820 0.0204747 0.0370565
29834 0.0438813 0.0476157
29840 0.0154098 0.0102439
29854 0.0542481 -0.02714
29855 0.113232 0.330995
29867 0.120435 0.101103
29869 -0.0662899 -0.0488965
29888 0.0196806 -0.0486978
29898 -0.191331 0.0433704
29901 -0.0344954 0.126416
29904 0.153815 -0.215505
29912 0.0828971 0.0621014
29914 0.0543706 -0.0235554
29919 -0.0133231 -0.197471
29927 0.242639 0.108201
29943 0.0612469 -0.0290722
29961 0.0416656 -0.0221771
29962 0.0272422 -0.0104833
29982 -0.487461 1.51695
29994 -0.28313 0.362359
30013 0.0635832 0.17107
30034 0.0795722 0.140439
30061 0.0500073 0.0562696
30071 0.0263272 0.0367564
30072 -0.116524 0.11473
30086 0.0125418 0.0168008
30116 1.02422 2.11416
30145 0.102418 0.00202486
30146 -0.213905 -0.348632
30154 0.0801257 0.0590541
30162 0.0157711 0.0348865
30188 0.103653 0.0838728
30192 0.129518 -0.264911
30203 0.00161588 0.038181
30206 0.0988248 -0.132487
30232 -0.0537574 0.203915
30246 -0.518868 -1.03468
30249 0.212196 -0.0930582
30266 -0.0124632 -0.16058
30282 -0.0547789 -0.0942333
30296 -0.0499048 0.260646
30367 -0.0714943 -0.0894641
30376 0.0463946 0.0403152
30379 0.077465 0.0105851
30426 0.0280035 0.0738427
30449 -0.0419482 -0.147373
30453 0.0310887 0.0738843
30460 0.0546299 -0.227962
30483 0.0125268 0.208555
30488 0.00188693 0.041378
30490 0.116671 0.0279221
30519 0.0141765 0.119674
30526 0.0623582 -0.110487
30547 -0.233649 0.985177
30548 -0.00343837 0.0450863
30559 -0.0638463 -0.163803
30561 -0.0643816 -0.0329862
30572 0.0327132 0.111698
30595 -7.65887 -8.23384
30614 -0.293386 -0.284596
30618 -0.0451009 0.075809
30632 -0.0124399 -0.0640382
30652 -0.0842538 -0.102348
30654 0.0826105 0.19112
30659 -0.120579 1.66979
30673 0.0626139 -0.265433
30674 0.150949 0.0899284
30678 0.0257796 -0.16217
30686 0.0946794 0.00313049
30730 0.0803538 0.061777
30741 0.103008 -0.0404371
30751 -0.103912 -0.0314857
30757 0.151643 -0.0102744
30762 -0.420203 -0.41428
30764 0.119907 -0.029714
30782 0.0406224 0.00873555
30801 -0.177902 0.0951294
30805 0.00383414 0.361455
30828 0.149035 -0.0826215
30834 0.0807737 0.0424349
30864 0.0226565 0.174074
30876 0.0697363 0.103196
30890 -3.10262 -3.23167
30896 0.0679041 0.0782935
30939 0.109444 -0.386719
30943 0.0687879 -0.0363798
30952 -0.248426 -0.296883
30968 -0.10249 0.0814702
30976 -0.0144282 -0.123068
30994 -0.0449536 -0.441415
31006 0.219845 0.365591
31025 -0.0394114 0.00595537
31033 -0.0821882 0.0518678
31047 -0.0226418 -0.132289
31065 0.061531 0.0468421
31068 0.0131372 0.102484
31087 0.0356095 0.172643
31093 0.573207 0.572205
31095 0.0611929 0.089146
31101 0.15929 0.262668
31110 0.204467 0.18167
31154 -0.113664 0.180754
31162 0.213049 -0.0274246
31164 0.382472 0.234962
31167 0.0337687 0.0339236
31188 0.172264 0.323249
31196 0.181708 0.177091
31197 0.059806 -0.0173789
31198 -0.116988 -0.310168
31257 0.0949217 0.0115819
31265 0.0520042 0.0945448
31267 0.130843 0.173298
31269 0.0358535 -0.0683971
31274 0.370661 0.374582
31278 -0.0795239 -0.0290075
31338 0.352124 0.500226
31360 -0.10079 -0.0923073
31369 0.0970911 0.141398
31373 0.127794 0.0799403
31376 -0.0624042 0.11486
31377 0.00537463 0.00810198
31381 0.0105612 -0.0641617
31450 0.120544 0.0892786
31456 -0.12999 -0.0278103
31468 0.0418076 0.160484
31486 -0.0541993 0.274227
31495 0.0069141 0.0733812
31503 -0.0206668 0.152162
31517 0.12167 -0.159787
31535 -0.160151 0.0184604
31539 -0.027545 -0.120077
31665 -0.315066 2.62485
31671 -0.61115 -0.571377
31674 -0.0955298 0.348249
31707 0.0218505 0.142687
31711 0.124385 0.236496
