10654.1 10654.1 10654.1 5081.66 24463.2 24463.2 24463.2 11711.1 30458 30458 30458 14818.1 32129.1 32129.1 32129.1 15797.4 32565.1 32565.1 32565.1 16064.5 32864.1 32864.1 32864.1 16256.3 
48.505 48.505 48.505 12.1263 121.263 121.263 121.263 36.3788 206.146 206.146 206.146 72.7576 278.904 278.904 278.904 84.8838 339.535 339.535 339.535 145.515 485.05 485.05 485.05 230.399 
0 0 0 0 0 0 0 0 0 0 0 0 0 0 0 0 0 0 0 0 0 0 0 0 
0 0 0 0 0 0 0 0 0 0 0 0 0 0 0 0 0 0 0 0 0 0 0 0 
1.98553 1.98553 1.98553 0.95332 4.38527 4.38527 4.38527 2.2025 5.13478 5.13478 5.13478 2.64957 5.31229 5.31229 5.31229 2.73504 5.39119 5.39119 5.39119 2.78106 5.50295 5.50295 5.50295 2.84023 
0.00198762 0.00198762 0.00198762 0 0.00795048 0.00795048 0.00795048 0.00397524 0.0198762 0.0198762 0.0198762 0.0139133 0.0397524 0.0397524 0.0397524 0.0218638 0.0616162 0.0616162 0.0616162 0.0337895 0.121245 0.121245 0.121245 0.0655914 
0.186552 0.186552 0.186552 0.106574 0.386115 0.386115 0.386115 0.224054 0.463415 0.463415 0.463415 0.269783 0.492498 0.492498 0.492498 0.28643 0.510292 0.510292 0.510292 0.297144 0.533061 0.533061 0.533061 0.311112 
0 0 0 0 0 0 0 0 0 0 0 0 0 0 0 0 0 0 0 0 0.00366539 0.00366539 0.00366539 0 
1.54091 1.54091 1.54091 0.913133 3.1924 3.1924 3.1924 1.95111 3.71317 3.71317 3.71317 2.34347 3.85941 3.85941 3.85941 2.47188 3.89865 3.89865 3.89865 2.49328 3.98069 3.98069 3.98069 2.54322 
0.23435 0.23435 0.23435 0.11445 0.760276 0.760276 0.760276 0.384225 1.11453 1.11453 1.11453 0.564076 1.3952 1.3952 1.3952 0.722126 1.5369 1.5369 1.5369 0.806601 1.87753 1.87753 1.87753 1.0246 
