24.1922 24.1922 24.1922 13.8397 67.7332 67.7332 67.7332 38.4919 96.7081 96.7081 96.7081 55.6008 110.742 110.742 110.742 63.5922 117.849 117.849 117.849 67.709 124.944 124.944 124.944 71.6805 
0 0 0 0 0 0 0 0 0 0 0 0 7.5 7.5 7.5 7.5 7.5 7.5 7.5 7.5 7.5 7.5 7.5 7.5 
0 0 0 0 0.659036 0.659036 0.659036 0 0.659036 0.659036 0.659036 0 0.659036 0.659036 0.659036 0 0.659036 0.659036 0.659036 0 1.31807 1.31807 1.31807 0.659036 
0 0 0 0 0 0 0 0 0 0 0 0 0 0 0 0 0 0 0 0 0 0 0 0 
0 0 0 0 0 0 0 0 0 0 0 0 0 0 0 0 0.0246548 0.0246548 0.0246548 0.0246548 0.0246548 0.0246548 0.0246548 0.0246548 
4.7343 4.7343 4.7343 4.56479 12.0719 12.0719 12.0719 11.6844 17.9443 17.9443 17.9443 17.3268 20.923 20.923 20.923 20.1601 22.7997 22.7997 22.7997 21.9522 25.4999 25.4999 25.4999 24.5554 
8062.5 8062.5 8062.5 2786.25 21266.2 21266.2 21266.2 7886.25 33483.8 33483.8 33483.8 13020 43706.2 43706.2 43706.2 17580 51390 51390 51390 21075 62996.2 62996.2 62996.2 27277.5 
1043.91 1043.91 1043.91 484.391 3830.32 3830.32 3830.32 1745.79 7451.06 7451.06 7451.06 3412.49 10923.5 10923.5 10923.5 5024.49 13665.8 13665.8 13665.8 6334.65 17765 17765 17765 8579.99 
402.58 402.58 402.58 104.038 780.282 780.282 780.282 242.001 895.628 895.628 895.628 294.019 925.03 925.03 925.03 305.328 936.339 936.339 936.339 309.851 963.479 963.479 963.479 325.683 
51.4546 51.4546 51.4546 19.0089 102.145 102.145 102.145 40.2367 118.516 118.516 118.516 47.7317 123.323 123.323 123.323 50.1232 125.345 125.345 125.345 51.2327 128.18 128.18 128.18 53.1065 
4.7343 4.7343 4.7343 4.56479 12.0719 12.0719 12.0719 11.6844 17.9443 17.9443 17.9443 17.3268 20.923 20.923 20.923 20.1601 22.7997 22.7997 22.7997 21.9522 25.4999 25.4999 25.4999 24.5554 
8062.5 8062.5 8062.5 2786.25 21266.2 21266.2 21266.2 7886.25 33483.8 33483.8 33483.8 13020 43706.2 43706.2 43706.2 17580 51390 51390 51390 21075 62996.2 62996.2 62996.2 27277.5 
1043.91 1043.91 1043.91 484.391 3830.32 3830.32 3830.32 1745.79 7451.06 7451.06 7451.06 3412.49 10923.5 10923.5 10923.5 5024.49 13665.8 13665.8 13665.8 6334.65 17765 17765 17765 8579.99 
402.58 402.58 402.58 104.038 780.282 780.282 780.282 242.001 895.628 895.628 895.628 294.019 925.03 925.03 925.03 305.328 936.339 936.339 936.339 309.851 963.479 963.479 963.479 325.683 
51.4546 51.4546 51.4546 19.0089 102.145 102.145 102.145 40.2367 118.516 118.516 118.516 47.7317 123.323 123.323 123.323 50.1232 125.345 125.345 125.345 51.2327 128.18 128.18 128.18 53.1065 
24.1922 24.1922 24.1922 13.8397 67.7332 67.7332 67.7332 38.4919 96.7081 96.7081 96.7081 55.6008 110.742 110.742 110.742 63.5922 117.849 117.849 117.849 67.709 124.944 124.944 124.944 71.6805 
0 0 0 0 0 0 0 0 0 0 0 0 7.5 7.5 7.5 7.5 7.5 7.5 7.5 7.5 7.5 7.5 7.5 7.5 
0 0 0 0 0.659036 0.659036 0.659036 0 0.659036 0.659036 0.659036 0 0.659036 0.659036 0.659036 0 0.659036 0.659036 0.659036 0 1.31807 1.31807 1.31807 0.659036 
0 0 0 0 0 0 0 0 0 0 0 0 0 0 0 0 0 0 0 0 0 0 0 0 
0 0 0 0 0 0 0 0 0 0 0 0 0 0 0 0 0.0246548 0.0246548 0.0246548 0.0246548 0.0246548 0.0246548 0.0246548 0.0246548 
402.58 402.58 402.58 104.038 780.282 780.282 780.282 242.001 895.628 895.628 895.628 294.019 925.03 925.03 925.03 305.328 936.339 936.339 936.339 309.851 963.479 963.479 963.479 325.683 
402.58 402.58 402.58 104.038 780.282 780.282 780.282 242.001 895.628 895.628 895.628 294.019 925.03 925.03 925.03 305.328 936.339 936.339 936.339 309.851 963.479 963.479 963.479 325.683 
402.58 402.58 402.58 104.038 780.282 780.282 780.282 242.001 895.628 895.628 895.628 294.019 925.03 925.03 925.03 305.328 936.339 936.339 936.339 309.851 963.479 963.479 963.479 325.683 
361.87 361.87 361.87 97.2526 687.553 687.553 687.553 217.122 778.021 778.021 778.021 260.094 796.114 796.114 796.114 266.879 800.638 800.638 800.638 266.879 807.423 807.423 807.423 269.141 
4.7343 4.7343 4.7343 4.56479 12.0719 12.0719 12.0719 11.6844 17.9443 17.9443 17.9443 17.3268 20.923 20.923 20.923 20.1601 22.7997 22.7997 22.7997 21.9522 25.4999 25.4999 25.4999 24.5554 
8062.5 8062.5 8062.5 2786.25 21266.2 21266.2 21266.2 7886.25 33483.8 33483.8 33483.8 13020 43706.2 43706.2 43706.2 17580 51390 51390 51390 21075 62996.2 62996.2 62996.2 27277.5 
1043.91 1043.91 1043.91 484.391 3830.32 3830.32 3830.32 1745.79 7451.06 7451.06 7451.06 3412.49 10923.5 10923.5 10923.5 5024.49 13665.8 13665.8 13665.8 6334.65 17765 17765 17765 8579.99 
402.58 402.58 402.58 104.038 780.282 780.282 780.282 242.001 895.628 895.628 895.628 294.019 925.03 925.03 925.03 305.328 936.339 936.339 936.339 309.851 963.479 963.479 963.479 325.683 
51.4546 51.4546 51.4546 19.0089 102.145 102.145 102.145 40.2367 118.516 118.516 118.516 47.7317 123.323 123.323 123.323 50.1232 125.345 125.345 125.345 51.2327 128.18 128.18 128.18 53.1065 
13.7267 13.7267 13.7267 5.47459 26.9819 26.9819 26.9819 11.2627 31.2167 31.2167 31.2167 13.3119 32.468 32.468 32.468 13.9068 33.0126 33.0126 33.0126 14.2045 33.6734 33.6734 33.6734 14.6192 
0.134164 0.134164 0.134164 0.0223607 0.335411 0.335411 0.335411 0.0894429 0.767718 0.767718 0.767718 0.268329 1.1553 1.1553 1.1553 0.372679 1.49817 1.49817 1.49817 0.506843 2.40005 2.40005 2.40005 0.872068 
51.4546 51.4546 51.4546 19.0089 102.145 102.145 102.145 40.2367 118.516 118.516 118.516 47.7317 123.323 123.323 123.323 50.1232 125.345 125.345 125.345 51.2327 128.18 128.18 128.18 53.1065 
13.7267 13.7267 13.7267 5.47459 26.9819 26.9819 26.9819 11.2627 31.2167 31.2167 31.2167 13.3119 32.468 32.468 32.468 13.9068 33.0126 33.0126 33.0126 14.2045 33.6734 33.6734 33.6734 14.6192 
0.134164 0.134164 0.134164 0.0223607 0.335411 0.335411 0.335411 0.0894429 0.767718 0.767718 0.767718 0.268329 1.1553 1.1553 1.1553 0.372679 1.49817 1.49817 1.49817 0.506843 2.40005 2.40005 2.40005 0.872068 
51.4546 51.4546 51.4546 19.0089 102.145 102.145 102.145 40.2367 118.516 118.516 118.516 47.7317 123.323 123.323 123.323 50.1232 125.345 125.345 125.345 51.2327 128.18 128.18 128.18 53.1065 
0.00358754 0.00358754 0.00358754 0.00287004 0.00574007 0.00574007 0.00574007 0.00502256 0.0078926 0.0078926 0.0078926 0.00717509 0.0078926 0.0078926 0.0078926 0.00717509 0.00861011 0.00861011 0.00861011 0.0078926 0.00861011 0.00861011 0.00861011 0.0078926 
0 0 0 0 0 0 0 0 0 0 0 0 0 0 0 0 0 0 0 0 0 0 0 0 
0 0 0 0 0 0 0 0 0 0 0 0 0 0 0 0 0.0246548 0.0246548 0.0246548 0.0246548 0.0246548 0.0246548 0.0246548 0.0246548 
0 0 0 0 0 0 0 0 0 0 0 0 0 0 0 0 0 0 0 0 0 0 0 0 
0 0 0 0 0 0 0 0 0 0 0 0 0 0 0 0 0 0 0 0 0 0 0 0 
0 0 0 0 0 0 0 0 0 0 0 0 0 0 0 0 0.00657462 0.00657462 0.00657462 0.00657462 0.00657462 0.00657462 0.00657462 0.00657462 
107.355 107.355 107.355 27.7434 208.075 208.075 208.075 64.5335 238.834 238.834 238.834 78.4052 246.675 246.675 246.675 81.4208 249.69 249.69 249.69 82.627 256.928 256.928 256.928 86.8488 
0.0357772 0.0357772 0.0357772 0.00596286 0.0894429 0.0894429 0.0894429 0.0238514 0.204725 0.204725 0.204725 0.0715543 0.308081 0.308081 0.308081 0.099381 0.399512 0.399512 0.399512 0.135158 0.640014 0.640014 0.640014 0.232552 
13.7212 13.7212 13.7212 5.06903 27.2386 27.2386 27.2386 10.7298 31.6042 31.6042 31.6042 12.7285 32.8862 32.8862 32.8862 13.3662 33.4254 33.4254 33.4254 13.6621 34.1814 34.1814 34.1814 14.1617 
107.355 107.355 107.355 27.7434 208.075 208.075 208.075 64.5335 238.834 238.834 238.834 78.4052 246.675 246.675 246.675 81.4208 249.69 249.69 249.69 82.627 256.928 256.928 256.928 86.8488 
0.0357772 0.0357772 0.0357772 0.00596286 0.0894429 0.0894429 0.0894429 0.0238514 0.204725 0.204725 0.204725 0.0715543 0.308081 0.308081 0.308081 0.099381 0.399512 0.399512 0.399512 0.135158 0.640014 0.640014 0.640014 0.232552 
13.7212 13.7212 13.7212 5.06903 27.2386 27.2386 27.2386 10.7298 31.6042 31.6042 31.6042 12.7285 32.8862 32.8862 32.8862 13.3662 33.4254 33.4254 33.4254 13.6621 34.1814 34.1814 34.1814 14.1617 
107.355 107.355 107.355 27.7434 208.075 208.075 208.075 64.5335 238.834 238.834 238.834 78.4052 246.675 246.675 246.675 81.4208 249.69 249.69 249.69 82.627 256.928 256.928 256.928 86.8488 
0.0357772 0.0357772 0.0357772 0.00596286 0.0894429 0.0894429 0.0894429 0.0238514 0.204725 0.204725 0.204725 0.0715543 0.308081 0.308081 0.308081 0.099381 0.399512 0.399512 0.399512 0.135158 0.640014 0.640014 0.640014 0.232552 
13.7212 13.7212 13.7212 5.06903 27.2386 27.2386 27.2386 10.7298 31.6042 31.6042 31.6042 12.7285 32.8862 32.8862 32.8862 13.3662 33.4254 33.4254 33.4254 13.6621 34.1814 34.1814 34.1814 14.1617 
107.355 107.355 107.355 27.7434 208.075 208.075 208.075 64.5335 238.834 238.834 238.834 78.4052 246.675 246.675 246.675 81.4208 249.69 249.69 249.69 82.627 256.928 256.928 256.928 86.8488 
0.0357772 0.0357772 0.0357772 0.00596286 0.0894429 0.0894429 0.0894429 0.0238514 0.204725 0.204725 0.204725 0.0715543 0.308081 0.308081 0.308081 0.099381 0.399512 0.399512 0.399512 0.135158 0.640014 0.640014 0.640014 0.232552 
13.7212 13.7212 13.7212 5.06903 27.2386 27.2386 27.2386 10.7298 31.6042 31.6042 31.6042 12.7285 32.8862 32.8862 32.8862 13.3662 33.4254 33.4254 33.4254 13.6621 34.1814 34.1814 34.1814 14.1617 
107.355 107.355 107.355 27.7434 208.075 208.075 208.075 64.5335 238.834 238.834 238.834 78.4052 246.675 246.675 246.675 81.4208 249.69 249.69 249.69 82.627 256.928 256.928 256.928 86.8488 
0.0357772 0.0357772 0.0357772 0.00596286 0.0894429 0.0894429 0.0894429 0.0238514 0.204725 0.204725 0.204725 0.0715543 0.308081 0.308081 0.308081 0.099381 0.399512 0.399512 0.399512 0.135158 0.640014 0.640014 0.640014 0.232552 
13.7212 13.7212 13.7212 5.06903 27.2386 27.2386 27.2386 10.7298 31.6042 31.6042 31.6042 12.7285 32.8862 32.8862 32.8862 13.3662 33.4254 33.4254 33.4254 13.6621 34.1814 34.1814 34.1814 14.1617 
107.355 107.355 107.355 27.7434 208.075 208.075 208.075 64.5335 238.834 238.834 238.834 78.4052 246.675 246.675 246.675 81.4208 249.69 249.69 249.69 82.627 256.928 256.928 256.928 86.8488 
0.0357772 0.0357772 0.0357772 0.00596286 0.0894429 0.0894429 0.0894429 0.0238514 0.204725 0.204725 0.204725 0.0715543 0.308081 0.308081 0.308081 0.099381 0.399512 0.399512 0.399512 0.135158 0.640014 0.640014 0.640014 0.232552 
13.7212 13.7212 13.7212 5.06903 27.2386 27.2386 27.2386 10.7298 31.6042 31.6042 31.6042 12.7285 32.8862 32.8862 32.8862 13.3662 33.4254 33.4254 33.4254 13.6621 34.1814 34.1814 34.1814 14.1617 
107.355 107.355 107.355 27.7434 208.075 208.075 208.075 64.5335 238.834 238.834 238.834 78.4052 246.675 246.675 246.675 81.4208 249.69 249.69 249.69 82.627 256.928 256.928 256.928 86.8488 
107.355 107.355 107.355 27.7434 208.075 208.075 208.075 64.5335 238.834 238.834 238.834 78.4052 246.675 246.675 246.675 81.4208 249.69 249.69 249.69 82.627 256.928 256.928 256.928 86.8488 
3.66044 3.66044 3.66044 1.45989 7.19518 7.19518 7.19518 3.0034 8.32444 8.32444 8.32444 3.54985 8.65813 8.65813 8.65813 3.70847 8.80336 8.80336 8.80336 3.78787 8.97958 8.97958 8.97958 3.89847 
13.7212 13.7212 13.7212 5.06903 27.2386 27.2386 27.2386 10.7298 31.6042 31.6042 31.6042 12.7285 32.8862 32.8862 32.8862 13.3662 33.4254 33.4254 33.4254 13.6621 34.1814 34.1814 34.1814 14.1617 
107.355 107.355 107.355 27.7434 208.075 208.075 208.075 64.5335 238.834 238.834 238.834 78.4052 246.675 246.675 246.675 81.4208 249.69 249.69 249.69 82.627 256.928 256.928 256.928 86.8488 
3.66044 3.66044 3.66044 1.45989 7.19518 7.19518 7.19518 3.0034 8.32444 8.32444 8.32444 3.54985 8.65813 8.65813 8.65813 3.70847 8.80336 8.80336 8.80336 3.78787 8.97958 8.97958 8.97958 3.89847 
13.7212 13.7212 13.7212 5.06903 27.2386 27.2386 27.2386 10.7298 31.6042 31.6042 31.6042 12.7285 32.8862 32.8862 32.8862 13.3662 33.4254 33.4254 33.4254 13.6621 34.1814 34.1814 34.1814 14.1617 
107.355 107.355 107.355 27.7434 208.075 208.075 208.075 64.5335 238.834 238.834 238.834 78.4052 246.675 246.675 246.675 81.4208 249.69 249.69 249.69 82.627 256.928 256.928 256.928 86.8488 
107.355 107.355 107.355 27.7434 208.075 208.075 208.075 64.5335 238.834 238.834 238.834 78.4052 246.675 246.675 246.675 81.4208 249.69 249.69 249.69 82.627 256.928 256.928 256.928 86.8488 
3.66044 3.66044 3.66044 1.45989 7.19518 7.19518 7.19518 3.0034 8.32444 8.32444 8.32444 3.54985 8.65813 8.65813 8.65813 3.70847 8.80336 8.80336 8.80336 3.78787 8.97958 8.97958 8.97958 3.89847 
107.355 107.355 107.355 27.7434 208.075 208.075 208.075 64.5335 238.834 238.834 238.834 78.4052 246.675 246.675 246.675 81.4208 249.69 249.69 249.69 82.627 256.928 256.928 256.928 86.8488 
3.66044 3.66044 3.66044 1.45989 7.19518 7.19518 7.19518 3.0034 8.32444 8.32444 8.32444 3.54985 8.65813 8.65813 8.65813 3.70847 8.80336 8.80336 8.80336 3.78787 8.97958 8.97958 8.97958 3.89847 
13.7212 13.7212 13.7212 5.06903 27.2386 27.2386 27.2386 10.7298 31.6042 31.6042 31.6042 12.7285 32.8862 32.8862 32.8862 13.3662 33.4254 33.4254 33.4254 13.6621 34.1814 34.1814 34.1814 14.1617 
2150 2150 2150 743 5671 5671 5671 2103 8929 8929 8929 3472 11655 11655 11655 4688 13704 13704 13704 5620 16799 16799 16799 7274 
3.66044 3.66044 3.66044 1.45989 7.19518 7.19518 7.19518 3.0034 8.32444 8.32444 8.32444 3.54985 8.65813 8.65813 8.65813 3.70847 8.80336 8.80336 8.80336 3.78787 8.97958 8.97958 8.97958 3.89847 
13.7212 13.7212 13.7212 5.06903 27.2386 27.2386 27.2386 10.7298 31.6042 31.6042 31.6042 12.7285 32.8862 32.8862 32.8862 13.3662 33.4254 33.4254 33.4254 13.6621 34.1814 34.1814 34.1814 14.1617 
567.65 567.65 567.65 258.869 2061.11 2061.11 2061.11 939.697 3982.51 3982.51 3982.51 1817.36 5877.02 5877.02 5877.02 2706.26 7339.55 7339.55 7339.55 3410.12 9543.19 9543.19 9543.19 4639.96 
2128.69 2128.69 2128.69 970.76 7729.17 7729.17 7729.17 3523.86 14934.4 14934.4 14934.4 6815.09 22038.8 22038.8 22038.8 10148.5 27523.3 27523.3 27523.3 12787.9 35787 35787 35787 17399.9 
567.65 567.65 567.65 258.869 2061.11 2061.11 2061.11 939.697 3982.51 3982.51 3982.51 1817.36 5877.02 5877.02 5877.02 2706.26 7339.55 7339.55 7339.55 3410.12 9543.19 9543.19 9543.19 4639.96 
