6.45124 6.45124 6.45124 3.69058 18.0622 18.0622 18.0622 10.2645 25.7888 25.7888 25.7888 14.8269 29.5311 29.5311 29.5311 16.9579 31.4264 31.4264 31.4264 18.0557 33.3185 33.3185 33.3185 19.1148 
0 0 0 0 0 0 0 0 0 0 0 0 0 0 0 0 0 0 0 0 0 0 0 0 
0 0 0 0 0 0 0 0 0 0 0 0 0 0 0 0 0 0 0 0 0 0 0 0 
0 0 0 0 0 0 0 0 0 0 0 0 0 0 0 0 0 0 0 0 0 0 0 0 
0 0 0 0 0 0 0 0 0 0 0 0 0 0 0 0 0.00657462 0.00657462 0.00657462 0.00657462 0.00657462 0.00657462 0.00657462 0.00657462 
0 0 0 0 0 0 0 0 0 0 0 0 0 0 0 0 0 0 0 0 0 0 0 0 
0.000956679 0.000956679 0.000956679 0.000765343 0.00153069 0.00153069 0.00153069 0.00133935 0.00210469 0.00210469 0.00210469 0.00191336 0.00210469 0.00210469 0.00210469 0.00191336 0.00229603 0.00229603 0.00229603 0.00210469 0.00229603 0.00229603 0.00229603 0.00210469 
0 0 0 0 0 0 0 0 0 0 0 0 0.0156339 0.0156339 0.0156339 0.0156339 0.0156339 0.0156339 0.0156339 0.0156339 0.0625355 0.0625355 0.0625355 0.0469016 
0.00356693 0.00356693 0.00356693 0 0.0107008 0.0107008 0.0107008 0.00356693 0.0107008 0.0107008 0.0107008 0.00356693 0.0107008 0.0107008 0.0107008 0.00356693 0.0107008 0.0107008 0.0107008 0.00356693 0.0107008 0.0107008 0.0107008 0.00356693 
0 0 0 0 0.002725 0.002725 0.002725 0 0.002725 0.002725 0.002725 0 0.002725 0.002725 0.002725 0 0.002725 0.002725 0.002725 0 0.002725 0.002725 0.002725 0 
