0.373843 0.373843 0.373843 0.248607 1.1506 1.1506 1.1506 0.755513 1.84499 1.84499 1.84499 1.22105 2.26728 2.26728 2.26728 1.50581 2.49577 2.49577 2.49577 1.66906 2.82339 2.82339 2.82339 1.90462 
0 0 0 0 0 0 0 0 0 0 0 0 0 0 0 0 0 0 0 0 0 0 0 0 
0 0 0 0 0 0 0 0 0 0 0 0 0 0 0 0 0 0 0 0 0 0 0 0 
0 0 0 0 0 0 0 0 0 0 0 0 0 0 0 0 0 0 0 0 0 0 0 0 
0 0 0 0 0 0 0 0 0 0 0 0 0 0 0 0 0 0 0 0 0 0 0 0 
0 0 0 0 0 0 0 0 0 0 0 0 0 0 0 0 0 0 0 0 0 0 0 0 
0 0 0 0 0.000382671 0.000382671 0.000382671 0.000191336 0.000382671 0.000382671 0.000382671 0.000191336 0.000382671 0.000382671 0.000382671 0.000191336 0.000382671 0.000382671 0.000382671 0.000191336 0.000382671 0.000382671 0.000382671 0.000191336 
0 0 0 0 0 0 0 0 0.002725 0.002725 0.002725 0.002725 0.002725 0.002725 0.002725 0.002725 0.002725 0.002725 0.002725 0.002725 0.002725 0.002725 0.002725 0.002725 
0 0 0 0 0 0 0 0 0 0 0 0 0 0 0 0 0 0 0 0 0 0 0 0 
0 0 0 0 0 0 0 0 0.002725 0.002725 0.002725 0.002725 0.002725 0.002725 0.002725 0.002725 0.002725 0.002725 0.002725 0.002725 0.002725 0.002725 0.002725 0.002725 
