2649
6674
8373
8856
10353
10378
12985
17440
21545
21729
25361
25488
36979
37732
45029
54421
56728
57054
61775
65113
71283
72370
73749
73958
74279
80202
80383
83912
86035
86432
95551
106489
108170
108886
109284
109421
110332
110440
111251
111410
112168
112955
113445
114429
117157
117472
117570
118536
130082
132696
140940
142264
142881
149869
154428
156962
160861
160936
161701
169059
171860
173490
174171
176084
181305
182169
183125
184332
186949
190723
192018
192615
193848
194702
200166
200187
200990
201938
203074
208981
209456
214649
215399
215944
217822
218570
219413
225565
226016
226258
228362
229510
234253
235589
236139
238082
239875
241970
244167
246407
248062
251259
255227
255826
260079
263459
266147
266598
267325
273302
274038
275683
279236
283866
286232
288256
290785
290809
292688
300286
302805
312224
315910
319606
324971
325318
335416
347961
349103
349181
349311
349343
362760
363468
366895
367231
367464
367778
367947
368787
371545
381140
383148
384005
386602
386697
390183
392058
397299
397362
398019
398364
398865
401040
402483
406439
410191
411318
413320
414862
415395
415950
418468
426100
426490
430779
433537
441421
443267
444222
446487
446873
448334
451461
452168
455388
456008
456240
458258
458399
461204
461493
461795
463909
465044
466193
467854
468810
468974
470948
472483
473154
474054
481445
485054
485311
485435
486448
486937
487717
493265
495318
496082
496221
500396
501471
502678
505011
505646
506845
507746
507957
508949
514863
517722
520125
522547
522601
527455
529202
530967
538214
540970
541098
541607
542634
548264
554966
556025
561012
561429
569501
573362
573760
576146
583424
585319
585458
588836
589194
591298
591483
591621
596950
606030
608114
608876
610692
612251
614420
616013
618932
619699
628995
629152
636121
636970
640275
645407
649942
650652
651453
651618
652554
654025
656815
657595
657870
660505
661717
663937
664140
665130
670838
673099
676875
682932
683355
684962
685629
688349
691724
697174
698080
699657
706618
708245
711773
716330
716468
717375
722578
723201
723275
729895
730766
734263
734348
734378
734550
736967
740063
740821
748481
750194
751268
751756
752156
755077
759662
762108
768933
769123
769666
772990
774570
778844
781186
781613
786432
786851
787373
789526
790462
790654
795551
795818
798009
798602
801958
802477
803884
804477
806135
806455
806614
807370
813301
813739
814829
815549
816569
817468
819222
823862
826753
827955
829386
834265
834507
834834
835904
838432
839654
841282
844018
847520
